gdof,component,comp_name,layer_e,ir,iz,localnode,r,z
1,1,theta,1,1,1,1,1,0
2,1,theta,1,1,2,2,1,0.0357779
3,1,theta,1,1,3,3,1,0.140673
4,1,theta,1,1,4,4,1,0.307538
5,1,theta,1,1,5,5,1,0.525
6,1,theta,1,1,6,6,1,0.77824
7,1,theta,1,1,7,7,1,1.05
8,1,theta,1,1,8,8,1,1.32176
9,1,theta,1,1,9,9,1,1.575
10,1,theta,1,1,10,10,1,1.79246
11,1,theta,1,1,11,11,1,1.95933
12,1,theta,1,1,12,12,1,2.06422
13,1,theta,1,1,13,13,1,2.1
14,1,theta,1,2,1,14,1.0009,0
15,1,theta,1,2,2,15,1.0009,0.0357779
16,1,theta,1,2,3,16,1.0009,0.140673
17,1,theta,1,2,4,17,1.0009,0.307538
18,1,theta,1,2,5,18,1.0009,0.525
19,1,theta,1,2,6,19,1.0009,0.77824
20,1,theta,1,2,7,20,1.0009,1.05
21,1,theta,1,2,8,21,1.0009,1.32176
22,1,theta,1,2,9,22,1.0009,1.575
23,1,theta,1,2,10,23,1.0009,1.79246
24,1,theta,1,2,11,24,1.0009,1.95933
25,1,theta,1,2,12,25,1.0009,2.06422
26,1,theta,1,2,13,26,1.0009,2.1
27,1,theta,1,3,1,27,1.00354,0
28,1,theta,1,3,2,28,1.00354,0.0357779
29,1,theta,1,3,3,29,1.00354,0.140673
30,1,theta,1,3,4,30,1.00354,0.307538
31,1,theta,1,3,5,31,1.00354,0.525
32,1,theta,1,3,6,32,1.00354,0.77824
33,1,theta,1,3,7,33,1.00354,1.05
34,1,theta,1,3,8,34,1.00354,1.32176
35,1,theta,1,3,9,35,1.00354,1.575
36,1,theta,1,3,10,36,1.00354,1.79246
37,1,theta,1,3,11,37,1.00354,1.95933
38,1,theta,1,3,12,38,1.00354,2.06422
39,1,theta,1,3,13,39,1.00354,2.1
40,1,theta,1,4,1,40,1.00779,0
41,1,theta,1,4,2,41,1.00779,0.0357779
42,1,theta,1,4,3,42,1.00779,0.140673
43,1,theta,1,4,4,43,1.00779,0.307538
44,1,theta,1,4,5,44,1.00779,0.525
45,1,theta,1,4,6,45,1.00779,0.77824
46,1,theta,1,4,7,46,1.00779,1.05
47,1,theta,1,4,8,47,1.00779,1.32176
48,1,theta,1,4,9,48,1.00779,1.575
49,1,theta,1,4,10,49,1.00779,1.79246
50,1,theta,1,4,11,50,1.00779,1.95933
51,1,theta,1,4,12,51,1.00779,2.06422
52,1,theta,1,4,13,52,1.00779,2.1
53,1,theta,1,5,1,53,1.01345,0
54,1,theta,1,5,2,54,1.01345,0.0357779
55,1,theta,1,5,3,55,1.01345,0.140673
56,1,theta,1,5,4,56,1.01345,0.307538
57,1,theta,1,5,5,57,1.01345,0.525
58,1,theta,1,5,6,58,1.01345,0.77824
59,1,theta,1,5,7,59,1.01345,1.05
60,1,theta,1,5,8,60,1.01345,1.32176
61,1,theta,1,5,9,61,1.01345,1.575
62,1,theta,1,5,10,62,1.01345,1.79246
63,1,theta,1,5,11,63,1.01345,1.95933
64,1,theta,1,5,12,64,1.01345,2.06422
65,1,theta,1,5,13,65,1.01345,2.1
66,1,theta,1,6,1,66,1.02022,0
67,1,theta,1,6,2,67,1.02022,0.0357779
68,1,theta,1,6,3,68,1.02022,0.140673
69,1,theta,1,6,4,69,1.02022,0.307538
70,1,theta,1,6,5,70,1.02022,0.525
71,1,theta,1,6,6,71,1.02022,0.77824
72,1,theta,1,6,7,72,1.02022,1.05
73,1,theta,1,6,8,73,1.02022,1.32176
74,1,theta,1,6,9,74,1.02022,1.575
75,1,theta,1,6,10,75,1.02022,1.79246
76,1,theta,1,6,11,76,1.02022,1.95933
77,1,theta,1,6,12,77,1.02022,2.06422
78,1,theta,1,6,13,78,1.02022,2.1
79,1,theta,1,7,1,79,1.02777,0
80,1,theta,1,7,2,80,1.02777,0.0357779
81,1,theta,1,7,3,81,1.02777,0.140673
82,1,theta,1,7,4,82,1.02777,0.307538
83,1,theta,1,7,5,83,1.02777,0.525
84,1,theta,1,7,6,84,1.02777,0.77824
85,1,theta,1,7,7,85,1.02777,1.05
86,1,theta,1,7,8,86,1.02777,1.32176
87,1,theta,1,7,9,87,1.02777,1.575
88,1,theta,1,7,10,88,1.02777,1.79246
89,1,theta,1,7,11,89,1.02777,1.95933
90,1,theta,1,7,12,90,1.02777,2.06422
91,1,theta,1,7,13,91,1.02777,2.1
92,1,theta,1,8,1,92,1.03571,0
93,1,theta,1,8,2,93,1.03571,0.0357779
94,1,theta,1,8,3,94,1.03571,0.140673
95,1,theta,1,8,4,95,1.03571,0.307538
96,1,theta,1,8,5,96,1.03571,0.525
97,1,theta,1,8,6,97,1.03571,0.77824
98,1,theta,1,8,7,98,1.03571,1.05
99,1,theta,1,8,8,99,1.03571,1.32176
100,1,theta,1,8,9,100,1.03571,1.575
101,1,theta,1,8,10,101,1.03571,1.79246
102,1,theta,1,8,11,102,1.03571,1.95933
103,1,theta,1,8,12,103,1.03571,2.06422
104,1,theta,1,8,13,104,1.03571,2.1
105,1,theta,1,9,1,105,1.04366,0
106,1,theta,1,9,2,106,1.04366,0.0357779
107,1,theta,1,9,3,107,1.04366,0.140673
108,1,theta,1,9,4,108,1.04366,0.307538
109,1,theta,1,9,5,109,1.04366,0.525
110,1,theta,1,9,6,110,1.04366,0.77824
111,1,theta,1,9,7,111,1.04366,1.05
112,1,theta,1,9,8,112,1.04366,1.32176
113,1,theta,1,9,9,113,1.04366,1.575
114,1,theta,1,9,10,114,1.04366,1.79246
115,1,theta,1,9,11,115,1.04366,1.95933
116,1,theta,1,9,12,116,1.04366,2.06422
117,1,theta,1,9,13,117,1.04366,2.1
118,1,theta,1,10,1,118,1.05121,0
119,1,theta,1,10,2,119,1.05121,0.0357779
120,1,theta,1,10,3,120,1.05121,0.140673
121,1,theta,1,10,4,121,1.05121,0.307538
122,1,theta,1,10,5,122,1.05121,0.525
123,1,theta,1,10,6,123,1.05121,0.77824
124,1,theta,1,10,7,124,1.05121,1.05
125,1,theta,1,10,8,125,1.05121,1.32176
126,1,theta,1,10,9,126,1.05121,1.575
127,1,theta,1,10,10,127,1.05121,1.79246
128,1,theta,1,10,11,128,1.05121,1.95933
129,1,theta,1,10,12,129,1.05121,2.06422
130,1,theta,1,10,13,130,1.05121,2.1
131,1,theta,1,11,1,131,1.05798,0
132,1,theta,1,11,2,132,1.05798,0.0357779
133,1,theta,1,11,3,133,1.05798,0.140673
134,1,theta,1,11,4,134,1.05798,0.307538
135,1,theta,1,11,5,135,1.05798,0.525
136,1,theta,1,11,6,136,1.05798,0.77824
137,1,theta,1,11,7,137,1.05798,1.05
138,1,theta,1,11,8,138,1.05798,1.32176
139,1,theta,1,11,9,139,1.05798,1.575
140,1,theta,1,11,10,140,1.05798,1.79246
141,1,theta,1,11,11,141,1.05798,1.95933
142,1,theta,1,11,12,142,1.05798,2.06422
143,1,theta,1,11,13,143,1.05798,2.1
144,1,theta,1,12,1,144,1.06364,0
145,1,theta,1,12,2,145,1.06364,0.0357779
146,1,theta,1,12,3,146,1.06364,0.140673
147,1,theta,1,12,4,147,1.06364,0.307538
148,1,theta,1,12,5,148,1.06364,0.525
149,1,theta,1,12,6,149,1.06364,0.77824
150,1,theta,1,12,7,150,1.06364,1.05
151,1,theta,1,12,8,151,1.06364,1.32176
152,1,theta,1,12,9,152,1.06364,1.575
153,1,theta,1,12,10,153,1.06364,1.79246
154,1,theta,1,12,11,154,1.06364,1.95933
155,1,theta,1,12,12,155,1.06364,2.06422
156,1,theta,1,12,13,156,1.06364,2.1
157,1,theta,1,13,1,157,1.06789,0
158,1,theta,1,13,2,158,1.06789,0.0357779
159,1,theta,1,13,3,159,1.06789,0.140673
160,1,theta,1,13,4,160,1.06789,0.307538
161,1,theta,1,13,5,161,1.06789,0.525
162,1,theta,1,13,6,162,1.06789,0.77824
163,1,theta,1,13,7,163,1.06789,1.05
164,1,theta,1,13,8,164,1.06789,1.32176
165,1,theta,1,13,9,165,1.06789,1.575
166,1,theta,1,13,10,166,1.06789,1.79246
167,1,theta,1,13,11,167,1.06789,1.95933
168,1,theta,1,13,12,168,1.06789,2.06422
169,1,theta,1,13,13,169,1.06789,2.1
170,1,theta,1,14,1,170,1.07053,0
171,1,theta,1,14,2,171,1.07053,0.0357779
172,1,theta,1,14,3,172,1.07053,0.140673
173,1,theta,1,14,4,173,1.07053,0.307538
174,1,theta,1,14,5,174,1.07053,0.525
175,1,theta,1,14,6,175,1.07053,0.77824
176,1,theta,1,14,7,176,1.07053,1.05
177,1,theta,1,14,8,177,1.07053,1.32176
178,1,theta,1,14,9,178,1.07053,1.575
179,1,theta,1,14,10,179,1.07053,1.79246
180,1,theta,1,14,11,180,1.07053,1.95933
181,1,theta,1,14,12,181,1.07053,2.06422
182,1,theta,1,14,13,182,1.07053,2.1
183,1,theta,1,15,1,183,1.07143,0
184,1,theta,1,15,2,184,1.07143,0.0357779
185,1,theta,1,15,3,185,1.07143,0.140673
186,1,theta,1,15,4,186,1.07143,0.307538
187,1,theta,1,15,5,187,1.07143,0.525
188,1,theta,1,15,6,188,1.07143,0.77824
189,1,theta,1,15,7,189,1.07143,1.05
190,1,theta,1,15,8,190,1.07143,1.32176
191,1,theta,1,15,9,191,1.07143,1.575
192,1,theta,1,15,10,192,1.07143,1.79246
193,1,theta,1,15,11,193,1.07143,1.95933
194,1,theta,1,15,12,194,1.07143,2.06422
195,1,theta,1,15,13,195,1.07143,2.1
196,1,theta,2,1,1,1,1.07143,0
197,1,theta,2,1,2,2,1.07143,0.0357779
198,1,theta,2,1,3,3,1.07143,0.140673
199,1,theta,2,1,4,4,1.07143,0.307538
200,1,theta,2,1,5,5,1.07143,0.525
201,1,theta,2,1,6,6,1.07143,0.77824
202,1,theta,2,1,7,7,1.07143,1.05
203,1,theta,2,1,8,8,1.07143,1.32176
204,1,theta,2,1,9,9,1.07143,1.575
205,1,theta,2,1,10,10,1.07143,1.79246
206,1,theta,2,1,11,11,1.07143,1.95933
207,1,theta,2,1,12,12,1.07143,2.06422
208,1,theta,2,1,13,13,1.07143,2.1
209,1,theta,2,2,1,14,1.07232,0
210,1,theta,2,2,2,15,1.07232,0.0357779
211,1,theta,2,2,3,16,1.07232,0.140673
212,1,theta,2,2,4,17,1.07232,0.307538
213,1,theta,2,2,5,18,1.07232,0.525
214,1,theta,2,2,6,19,1.07232,0.77824
215,1,theta,2,2,7,20,1.07232,1.05
216,1,theta,2,2,8,21,1.07232,1.32176
217,1,theta,2,2,9,22,1.07232,1.575
218,1,theta,2,2,10,23,1.07232,1.79246
219,1,theta,2,2,11,24,1.07232,1.95933
220,1,theta,2,2,12,25,1.07232,2.06422
221,1,theta,2,2,13,26,1.07232,2.1
222,1,theta,2,3,1,27,1.07497,0
223,1,theta,2,3,2,28,1.07497,0.0357779
224,1,theta,2,3,3,29,1.07497,0.140673
225,1,theta,2,3,4,30,1.07497,0.307538
226,1,theta,2,3,5,31,1.07497,0.525
227,1,theta,2,3,6,32,1.07497,0.77824
228,1,theta,2,3,7,33,1.07497,1.05
229,1,theta,2,3,8,34,1.07497,1.32176
230,1,theta,2,3,9,35,1.07497,1.575
231,1,theta,2,3,10,36,1.07497,1.79246
232,1,theta,2,3,11,37,1.07497,1.95933
233,1,theta,2,3,12,38,1.07497,2.06422
234,1,theta,2,3,13,39,1.07497,2.1
235,1,theta,2,4,1,40,1.07922,0
236,1,theta,2,4,2,41,1.07922,0.0357779
237,1,theta,2,4,3,42,1.07922,0.140673
238,1,theta,2,4,4,43,1.07922,0.307538
239,1,theta,2,4,5,44,1.07922,0.525
240,1,theta,2,4,6,45,1.07922,0.77824
241,1,theta,2,4,7,46,1.07922,1.05
242,1,theta,2,4,8,47,1.07922,1.32176
243,1,theta,2,4,9,48,1.07922,1.575
244,1,theta,2,4,10,49,1.07922,1.79246
245,1,theta,2,4,11,50,1.07922,1.95933
246,1,theta,2,4,12,51,1.07922,2.06422
247,1,theta,2,4,13,52,1.07922,2.1
248,1,theta,2,5,1,53,1.08488,0
249,1,theta,2,5,2,54,1.08488,0.0357779
250,1,theta,2,5,3,55,1.08488,0.140673
251,1,theta,2,5,4,56,1.08488,0.307538
252,1,theta,2,5,5,57,1.08488,0.525
253,1,theta,2,5,6,58,1.08488,0.77824
254,1,theta,2,5,7,59,1.08488,1.05
255,1,theta,2,5,8,60,1.08488,1.32176
256,1,theta,2,5,9,61,1.08488,1.575
257,1,theta,2,5,10,62,1.08488,1.79246
258,1,theta,2,5,11,63,1.08488,1.95933
259,1,theta,2,5,12,64,1.08488,2.06422
260,1,theta,2,5,13,65,1.08488,2.1
261,1,theta,2,6,1,66,1.09165,0
262,1,theta,2,6,2,67,1.09165,0.0357779
263,1,theta,2,6,3,68,1.09165,0.140673
264,1,theta,2,6,4,69,1.09165,0.307538
265,1,theta,2,6,5,70,1.09165,0.525
266,1,theta,2,6,6,71,1.09165,0.77824
267,1,theta,2,6,7,72,1.09165,1.05
268,1,theta,2,6,8,73,1.09165,1.32176
269,1,theta,2,6,9,74,1.09165,1.575
270,1,theta,2,6,10,75,1.09165,1.79246
271,1,theta,2,6,11,76,1.09165,1.95933
272,1,theta,2,6,12,77,1.09165,2.06422
273,1,theta,2,6,13,78,1.09165,2.1
274,1,theta,2,7,1,79,1.0992,0
275,1,theta,2,7,2,80,1.0992,0.0357779
276,1,theta,2,7,3,81,1.0992,0.140673
277,1,theta,2,7,4,82,1.0992,0.307538
278,1,theta,2,7,5,83,1.0992,0.525
279,1,theta,2,7,6,84,1.0992,0.77824
280,1,theta,2,7,7,85,1.0992,1.05
281,1,theta,2,7,8,86,1.0992,1.32176
282,1,theta,2,7,9,87,1.0992,1.575
283,1,theta,2,7,10,88,1.0992,1.79246
284,1,theta,2,7,11,89,1.0992,1.95933
285,1,theta,2,7,12,90,1.0992,2.06422
286,1,theta,2,7,13,91,1.0992,2.1
287,1,theta,2,8,1,92,1.10714,0
288,1,theta,2,8,2,93,1.10714,0.0357779
289,1,theta,2,8,3,94,1.10714,0.140673
290,1,theta,2,8,4,95,1.10714,0.307538
291,1,theta,2,8,5,96,1.10714,0.525
292,1,theta,2,8,6,97,1.10714,0.77824
293,1,theta,2,8,7,98,1.10714,1.05
294,1,theta,2,8,8,99,1.10714,1.32176
295,1,theta,2,8,9,100,1.10714,1.575
296,1,theta,2,8,10,101,1.10714,1.79246
297,1,theta,2,8,11,102,1.10714,1.95933
298,1,theta,2,8,12,103,1.10714,2.06422
299,1,theta,2,8,13,104,1.10714,2.1
300,1,theta,2,9,1,105,1.11509,0
301,1,theta,2,9,2,106,1.11509,0.0357779
302,1,theta,2,9,3,107,1.11509,0.140673
303,1,theta,2,9,4,108,1.11509,0.307538
304,1,theta,2,9,5,109,1.11509,0.525
305,1,theta,2,9,6,110,1.11509,0.77824
306,1,theta,2,9,7,111,1.11509,1.05
307,1,theta,2,9,8,112,1.11509,1.32176
308,1,theta,2,9,9,113,1.11509,1.575
309,1,theta,2,9,10,114,1.11509,1.79246
310,1,theta,2,9,11,115,1.11509,1.95933
311,1,theta,2,9,12,116,1.11509,2.06422
312,1,theta,2,9,13,117,1.11509,2.1
313,1,theta,2,10,1,118,1.12264,0
314,1,theta,2,10,2,119,1.12264,0.0357779
315,1,theta,2,10,3,120,1.12264,0.140673
316,1,theta,2,10,4,121,1.12264,0.307538
317,1,theta,2,10,5,122,1.12264,0.525
318,1,theta,2,10,6,123,1.12264,0.77824
319,1,theta,2,10,7,124,1.12264,1.05
320,1,theta,2,10,8,125,1.12264,1.32176
321,1,theta,2,10,9,126,1.12264,1.575
322,1,theta,2,10,10,127,1.12264,1.79246
323,1,theta,2,10,11,128,1.12264,1.95933
324,1,theta,2,10,12,129,1.12264,2.06422
325,1,theta,2,10,13,130,1.12264,2.1
326,1,theta,2,11,1,131,1.12941,0
327,1,theta,2,11,2,132,1.12941,0.0357779
328,1,theta,2,11,3,133,1.12941,0.140673
329,1,theta,2,11,4,134,1.12941,0.307538
330,1,theta,2,11,5,135,1.12941,0.525
331,1,theta,2,11,6,136,1.12941,0.77824
332,1,theta,2,11,7,137,1.12941,1.05
333,1,theta,2,11,8,138,1.12941,1.32176
334,1,theta,2,11,9,139,1.12941,1.575
335,1,theta,2,11,10,140,1.12941,1.79246
336,1,theta,2,11,11,141,1.12941,1.95933
337,1,theta,2,11,12,142,1.12941,2.06422
338,1,theta,2,11,13,143,1.12941,2.1
339,1,theta,2,12,1,144,1.13507,0
340,1,theta,2,12,2,145,1.13507,0.0357779
341,1,theta,2,12,3,146,1.13507,0.140673
342,1,theta,2,12,4,147,1.13507,0.307538
343,1,theta,2,12,5,148,1.13507,0.525
344,1,theta,2,12,6,149,1.13507,0.77824
345,1,theta,2,12,7,150,1.13507,1.05
346,1,theta,2,12,8,151,1.13507,1.32176
347,1,theta,2,12,9,152,1.13507,1.575
348,1,theta,2,12,10,153,1.13507,1.79246
349,1,theta,2,12,11,154,1.13507,1.95933
350,1,theta,2,12,12,155,1.13507,2.06422
351,1,theta,2,12,13,156,1.13507,2.1
352,1,theta,2,13,1,157,1.13932,0
353,1,theta,2,13,2,158,1.13932,0.0357779
354,1,theta,2,13,3,159,1.13932,0.140673
355,1,theta,2,13,4,160,1.13932,0.307538
356,1,theta,2,13,5,161,1.13932,0.525
357,1,theta,2,13,6,162,1.13932,0.77824
358,1,theta,2,13,7,163,1.13932,1.05
359,1,theta,2,13,8,164,1.13932,1.32176
360,1,theta,2,13,9,165,1.13932,1.575
361,1,theta,2,13,10,166,1.13932,1.79246
362,1,theta,2,13,11,167,1.13932,1.95933
363,1,theta,2,13,12,168,1.13932,2.06422
364,1,theta,2,13,13,169,1.13932,2.1
365,1,theta,2,14,1,170,1.14196,0
366,1,theta,2,14,2,171,1.14196,0.0357779
367,1,theta,2,14,3,172,1.14196,0.140673
368,1,theta,2,14,4,173,1.14196,0.307538
369,1,theta,2,14,5,174,1.14196,0.525
370,1,theta,2,14,6,175,1.14196,0.77824
371,1,theta,2,14,7,176,1.14196,1.05
372,1,theta,2,14,8,177,1.14196,1.32176
373,1,theta,2,14,9,178,1.14196,1.575
374,1,theta,2,14,10,179,1.14196,1.79246
375,1,theta,2,14,11,180,1.14196,1.95933
376,1,theta,2,14,12,181,1.14196,2.06422
377,1,theta,2,14,13,182,1.14196,2.1
378,1,theta,2,15,1,183,1.14286,0
379,1,theta,2,15,2,184,1.14286,0.0357779
380,1,theta,2,15,3,185,1.14286,0.140673
381,1,theta,2,15,4,186,1.14286,0.307538
382,1,theta,2,15,5,187,1.14286,0.525
383,1,theta,2,15,6,188,1.14286,0.77824
384,1,theta,2,15,7,189,1.14286,1.05
385,1,theta,2,15,8,190,1.14286,1.32176
386,1,theta,2,15,9,191,1.14286,1.575
387,1,theta,2,15,10,192,1.14286,1.79246
388,1,theta,2,15,11,193,1.14286,1.95933
389,1,theta,2,15,12,194,1.14286,2.06422
390,1,theta,2,15,13,195,1.14286,2.1
391,1,theta,3,1,1,1,1.14286,0
392,1,theta,3,1,2,2,1.14286,0.0357779
393,1,theta,3,1,3,3,1.14286,0.140673
394,1,theta,3,1,4,4,1.14286,0.307538
395,1,theta,3,1,5,5,1.14286,0.525
396,1,theta,3,1,6,6,1.14286,0.77824
397,1,theta,3,1,7,7,1.14286,1.05
398,1,theta,3,1,8,8,1.14286,1.32176
399,1,theta,3,1,9,9,1.14286,1.575
400,1,theta,3,1,10,10,1.14286,1.79246
401,1,theta,3,1,11,11,1.14286,1.95933
402,1,theta,3,1,12,12,1.14286,2.06422
403,1,theta,3,1,13,13,1.14286,2.1
404,1,theta,3,2,1,14,1.14375,0
405,1,theta,3,2,2,15,1.14375,0.0357779
406,1,theta,3,2,3,16,1.14375,0.140673
407,1,theta,3,2,4,17,1.14375,0.307538
408,1,theta,3,2,5,18,1.14375,0.525
409,1,theta,3,2,6,19,1.14375,0.77824
410,1,theta,3,2,7,20,1.14375,1.05
411,1,theta,3,2,8,21,1.14375,1.32176
412,1,theta,3,2,9,22,1.14375,1.575
413,1,theta,3,2,10,23,1.14375,1.79246
414,1,theta,3,2,11,24,1.14375,1.95933
415,1,theta,3,2,12,25,1.14375,2.06422
416,1,theta,3,2,13,26,1.14375,2.1
417,1,theta,3,3,1,27,1.14639,0
418,1,theta,3,3,2,28,1.14639,0.0357779
419,1,theta,3,3,3,29,1.14639,0.140673
420,1,theta,3,3,4,30,1.14639,0.307538
421,1,theta,3,3,5,31,1.14639,0.525
422,1,theta,3,3,6,32,1.14639,0.77824
423,1,theta,3,3,7,33,1.14639,1.05
424,1,theta,3,3,8,34,1.14639,1.32176
425,1,theta,3,3,9,35,1.14639,1.575
426,1,theta,3,3,10,36,1.14639,1.79246
427,1,theta,3,3,11,37,1.14639,1.95933
428,1,theta,3,3,12,38,1.14639,2.06422
429,1,theta,3,3,13,39,1.14639,2.1
430,1,theta,3,4,1,40,1.15065,0
431,1,theta,3,4,2,41,1.15065,0.0357779
432,1,theta,3,4,3,42,1.15065,0.140673
433,1,theta,3,4,4,43,1.15065,0.307538
434,1,theta,3,4,5,44,1.15065,0.525
435,1,theta,3,4,6,45,1.15065,0.77824
436,1,theta,3,4,7,46,1.15065,1.05
437,1,theta,3,4,8,47,1.15065,1.32176
438,1,theta,3,4,9,48,1.15065,1.575
439,1,theta,3,4,10,49,1.15065,1.79246
440,1,theta,3,4,11,50,1.15065,1.95933
441,1,theta,3,4,12,51,1.15065,2.06422
442,1,theta,3,4,13,52,1.15065,2.1
443,1,theta,3,5,1,53,1.1563,0
444,1,theta,3,5,2,54,1.1563,0.0357779
445,1,theta,3,5,3,55,1.1563,0.140673
446,1,theta,3,5,4,56,1.1563,0.307538
447,1,theta,3,5,5,57,1.1563,0.525
448,1,theta,3,5,6,58,1.1563,0.77824
449,1,theta,3,5,7,59,1.1563,1.05
450,1,theta,3,5,8,60,1.1563,1.32176
451,1,theta,3,5,9,61,1.1563,1.575
452,1,theta,3,5,10,62,1.1563,1.79246
453,1,theta,3,5,11,63,1.1563,1.95933
454,1,theta,3,5,12,64,1.1563,2.06422
455,1,theta,3,5,13,65,1.1563,2.1
456,1,theta,3,6,1,66,1.16308,0
457,1,theta,3,6,2,67,1.16308,0.0357779
458,1,theta,3,6,3,68,1.16308,0.140673
459,1,theta,3,6,4,69,1.16308,0.307538
460,1,theta,3,6,5,70,1.16308,0.525
461,1,theta,3,6,6,71,1.16308,0.77824
462,1,theta,3,6,7,72,1.16308,1.05
463,1,theta,3,6,8,73,1.16308,1.32176
464,1,theta,3,6,9,74,1.16308,1.575
465,1,theta,3,6,10,75,1.16308,1.79246
466,1,theta,3,6,11,76,1.16308,1.95933
467,1,theta,3,6,12,77,1.16308,2.06422
468,1,theta,3,6,13,78,1.16308,2.1
469,1,theta,3,7,1,79,1.17062,0
470,1,theta,3,7,2,80,1.17062,0.0357779
471,1,theta,3,7,3,81,1.17062,0.140673
472,1,theta,3,7,4,82,1.17062,0.307538
473,1,theta,3,7,5,83,1.17062,0.525
474,1,theta,3,7,6,84,1.17062,0.77824
475,1,theta,3,7,7,85,1.17062,1.05
476,1,theta,3,7,8,86,1.17062,1.32176
477,1,theta,3,7,9,87,1.17062,1.575
478,1,theta,3,7,10,88,1.17062,1.79246
479,1,theta,3,7,11,89,1.17062,1.95933
480,1,theta,3,7,12,90,1.17062,2.06422
481,1,theta,3,7,13,91,1.17062,2.1
482,1,theta,3,8,1,92,1.17857,0
483,1,theta,3,8,2,93,1.17857,0.0357779
484,1,theta,3,8,3,94,1.17857,0.140673
485,1,theta,3,8,4,95,1.17857,0.307538
486,1,theta,3,8,5,96,1.17857,0.525
487,1,theta,3,8,6,97,1.17857,0.77824
488,1,theta,3,8,7,98,1.17857,1.05
489,1,theta,3,8,8,99,1.17857,1.32176
490,1,theta,3,8,9,100,1.17857,1.575
491,1,theta,3,8,10,101,1.17857,1.79246
492,1,theta,3,8,11,102,1.17857,1.95933
493,1,theta,3,8,12,103,1.17857,2.06422
494,1,theta,3,8,13,104,1.17857,2.1
495,1,theta,3,9,1,105,1.18652,0
496,1,theta,3,9,2,106,1.18652,0.0357779
497,1,theta,3,9,3,107,1.18652,0.140673
498,1,theta,3,9,4,108,1.18652,0.307538
499,1,theta,3,9,5,109,1.18652,0.525
500,1,theta,3,9,6,110,1.18652,0.77824
501,1,theta,3,9,7,111,1.18652,1.05
502,1,theta,3,9,8,112,1.18652,1.32176
503,1,theta,3,9,9,113,1.18652,1.575
504,1,theta,3,9,10,114,1.18652,1.79246
505,1,theta,3,9,11,115,1.18652,1.95933
506,1,theta,3,9,12,116,1.18652,2.06422
507,1,theta,3,9,13,117,1.18652,2.1
508,1,theta,3,10,1,118,1.19407,0
509,1,theta,3,10,2,119,1.19407,0.0357779
510,1,theta,3,10,3,120,1.19407,0.140673
511,1,theta,3,10,4,121,1.19407,0.307538
512,1,theta,3,10,5,122,1.19407,0.525
513,1,theta,3,10,6,123,1.19407,0.77824
514,1,theta,3,10,7,124,1.19407,1.05
515,1,theta,3,10,8,125,1.19407,1.32176
516,1,theta,3,10,9,126,1.19407,1.575
517,1,theta,3,10,10,127,1.19407,1.79246
518,1,theta,3,10,11,128,1.19407,1.95933
519,1,theta,3,10,12,129,1.19407,2.06422
520,1,theta,3,10,13,130,1.19407,2.1
521,1,theta,3,11,1,131,1.20084,0
522,1,theta,3,11,2,132,1.20084,0.0357779
523,1,theta,3,11,3,133,1.20084,0.140673
524,1,theta,3,11,4,134,1.20084,0.307538
525,1,theta,3,11,5,135,1.20084,0.525
526,1,theta,3,11,6,136,1.20084,0.77824
527,1,theta,3,11,7,137,1.20084,1.05
528,1,theta,3,11,8,138,1.20084,1.32176
529,1,theta,3,11,9,139,1.20084,1.575
530,1,theta,3,11,10,140,1.20084,1.79246
531,1,theta,3,11,11,141,1.20084,1.95933
532,1,theta,3,11,12,142,1.20084,2.06422
533,1,theta,3,11,13,143,1.20084,2.1
534,1,theta,3,12,1,144,1.20649,0
535,1,theta,3,12,2,145,1.20649,0.0357779
536,1,theta,3,12,3,146,1.20649,0.140673
537,1,theta,3,12,4,147,1.20649,0.307538
538,1,theta,3,12,5,148,1.20649,0.525
539,1,theta,3,12,6,149,1.20649,0.77824
540,1,theta,3,12,7,150,1.20649,1.05
541,1,theta,3,12,8,151,1.20649,1.32176
542,1,theta,3,12,9,152,1.20649,1.575
543,1,theta,3,12,10,153,1.20649,1.79246
544,1,theta,3,12,11,154,1.20649,1.95933
545,1,theta,3,12,12,155,1.20649,2.06422
546,1,theta,3,12,13,156,1.20649,2.1
547,1,theta,3,13,1,157,1.21075,0
548,1,theta,3,13,2,158,1.21075,0.0357779
549,1,theta,3,13,3,159,1.21075,0.140673
550,1,theta,3,13,4,160,1.21075,0.307538
551,1,theta,3,13,5,161,1.21075,0.525
552,1,theta,3,13,6,162,1.21075,0.77824
553,1,theta,3,13,7,163,1.21075,1.05
554,1,theta,3,13,8,164,1.21075,1.32176
555,1,theta,3,13,9,165,1.21075,1.575
556,1,theta,3,13,10,166,1.21075,1.79246
557,1,theta,3,13,11,167,1.21075,1.95933
558,1,theta,3,13,12,168,1.21075,2.06422
559,1,theta,3,13,13,169,1.21075,2.1
560,1,theta,3,14,1,170,1.21339,0
561,1,theta,3,14,2,171,1.21339,0.0357779
562,1,theta,3,14,3,172,1.21339,0.140673
563,1,theta,3,14,4,173,1.21339,0.307538
564,1,theta,3,14,5,174,1.21339,0.525
565,1,theta,3,14,6,175,1.21339,0.77824
566,1,theta,3,14,7,176,1.21339,1.05
567,1,theta,3,14,8,177,1.21339,1.32176
568,1,theta,3,14,9,178,1.21339,1.575
569,1,theta,3,14,10,179,1.21339,1.79246
570,1,theta,3,14,11,180,1.21339,1.95933
571,1,theta,3,14,12,181,1.21339,2.06422
572,1,theta,3,14,13,182,1.21339,2.1
573,1,theta,3,15,1,183,1.21429,0
574,1,theta,3,15,2,184,1.21429,0.0357779
575,1,theta,3,15,3,185,1.21429,0.140673
576,1,theta,3,15,4,186,1.21429,0.307538
577,1,theta,3,15,5,187,1.21429,0.525
578,1,theta,3,15,6,188,1.21429,0.77824
579,1,theta,3,15,7,189,1.21429,1.05
580,1,theta,3,15,8,190,1.21429,1.32176
581,1,theta,3,15,9,191,1.21429,1.575
582,1,theta,3,15,10,192,1.21429,1.79246
583,1,theta,3,15,11,193,1.21429,1.95933
584,1,theta,3,15,12,194,1.21429,2.06422
585,1,theta,3,15,13,195,1.21429,2.1
586,1,theta,4,1,1,1,1.21429,0
587,1,theta,4,1,2,2,1.21429,0.0357779
588,1,theta,4,1,3,3,1.21429,0.140673
589,1,theta,4,1,4,4,1.21429,0.307538
590,1,theta,4,1,5,5,1.21429,0.525
591,1,theta,4,1,6,6,1.21429,0.77824
592,1,theta,4,1,7,7,1.21429,1.05
593,1,theta,4,1,8,8,1.21429,1.32176
594,1,theta,4,1,9,9,1.21429,1.575
595,1,theta,4,1,10,10,1.21429,1.79246
596,1,theta,4,1,11,11,1.21429,1.95933
597,1,theta,4,1,12,12,1.21429,2.06422
598,1,theta,4,1,13,13,1.21429,2.1
599,1,theta,4,2,1,14,1.21518,0
600,1,theta,4,2,2,15,1.21518,0.0357779
601,1,theta,4,2,3,16,1.21518,0.140673
602,1,theta,4,2,4,17,1.21518,0.307538
603,1,theta,4,2,5,18,1.21518,0.525
604,1,theta,4,2,6,19,1.21518,0.77824
605,1,theta,4,2,7,20,1.21518,1.05
606,1,theta,4,2,8,21,1.21518,1.32176
607,1,theta,4,2,9,22,1.21518,1.575
608,1,theta,4,2,10,23,1.21518,1.79246
609,1,theta,4,2,11,24,1.21518,1.95933
610,1,theta,4,2,12,25,1.21518,2.06422
611,1,theta,4,2,13,26,1.21518,2.1
612,1,theta,4,3,1,27,1.21782,0
613,1,theta,4,3,2,28,1.21782,0.0357779
614,1,theta,4,3,3,29,1.21782,0.140673
615,1,theta,4,3,4,30,1.21782,0.307538
616,1,theta,4,3,5,31,1.21782,0.525
617,1,theta,4,3,6,32,1.21782,0.77824
618,1,theta,4,3,7,33,1.21782,1.05
619,1,theta,4,3,8,34,1.21782,1.32176
620,1,theta,4,3,9,35,1.21782,1.575
621,1,theta,4,3,10,36,1.21782,1.79246
622,1,theta,4,3,11,37,1.21782,1.95933
623,1,theta,4,3,12,38,1.21782,2.06422
624,1,theta,4,3,13,39,1.21782,2.1
625,1,theta,4,4,1,40,1.22208,0
626,1,theta,4,4,2,41,1.22208,0.0357779
627,1,theta,4,4,3,42,1.22208,0.140673
628,1,theta,4,4,4,43,1.22208,0.307538
629,1,theta,4,4,5,44,1.22208,0.525
630,1,theta,4,4,6,45,1.22208,0.77824
631,1,theta,4,4,7,46,1.22208,1.05
632,1,theta,4,4,8,47,1.22208,1.32176
633,1,theta,4,4,9,48,1.22208,1.575
634,1,theta,4,4,10,49,1.22208,1.79246
635,1,theta,4,4,11,50,1.22208,1.95933
636,1,theta,4,4,12,51,1.22208,2.06422
637,1,theta,4,4,13,52,1.22208,2.1
638,1,theta,4,5,1,53,1.22773,0
639,1,theta,4,5,2,54,1.22773,0.0357779
640,1,theta,4,5,3,55,1.22773,0.140673
641,1,theta,4,5,4,56,1.22773,0.307538
642,1,theta,4,5,5,57,1.22773,0.525
643,1,theta,4,5,6,58,1.22773,0.77824
644,1,theta,4,5,7,59,1.22773,1.05
645,1,theta,4,5,8,60,1.22773,1.32176
646,1,theta,4,5,9,61,1.22773,1.575
647,1,theta,4,5,10,62,1.22773,1.79246
648,1,theta,4,5,11,63,1.22773,1.95933
649,1,theta,4,5,12,64,1.22773,2.06422
650,1,theta,4,5,13,65,1.22773,2.1
651,1,theta,4,6,1,66,1.2345,0
652,1,theta,4,6,2,67,1.2345,0.0357779
653,1,theta,4,6,3,68,1.2345,0.140673
654,1,theta,4,6,4,69,1.2345,0.307538
655,1,theta,4,6,5,70,1.2345,0.525
656,1,theta,4,6,6,71,1.2345,0.77824
657,1,theta,4,6,7,72,1.2345,1.05
658,1,theta,4,6,8,73,1.2345,1.32176
659,1,theta,4,6,9,74,1.2345,1.575
660,1,theta,4,6,10,75,1.2345,1.79246
661,1,theta,4,6,11,76,1.2345,1.95933
662,1,theta,4,6,12,77,1.2345,2.06422
663,1,theta,4,6,13,78,1.2345,2.1
664,1,theta,4,7,1,79,1.24205,0
665,1,theta,4,7,2,80,1.24205,0.0357779
666,1,theta,4,7,3,81,1.24205,0.140673
667,1,theta,4,7,4,82,1.24205,0.307538
668,1,theta,4,7,5,83,1.24205,0.525
669,1,theta,4,7,6,84,1.24205,0.77824
670,1,theta,4,7,7,85,1.24205,1.05
671,1,theta,4,7,8,86,1.24205,1.32176
672,1,theta,4,7,9,87,1.24205,1.575
673,1,theta,4,7,10,88,1.24205,1.79246
674,1,theta,4,7,11,89,1.24205,1.95933
675,1,theta,4,7,12,90,1.24205,2.06422
676,1,theta,4,7,13,91,1.24205,2.1
677,1,theta,4,8,1,92,1.25,0
678,1,theta,4,8,2,93,1.25,0.0357779
679,1,theta,4,8,3,94,1.25,0.140673
680,1,theta,4,8,4,95,1.25,0.307538
681,1,theta,4,8,5,96,1.25,0.525
682,1,theta,4,8,6,97,1.25,0.77824
683,1,theta,4,8,7,98,1.25,1.05
684,1,theta,4,8,8,99,1.25,1.32176
685,1,theta,4,8,9,100,1.25,1.575
686,1,theta,4,8,10,101,1.25,1.79246
687,1,theta,4,8,11,102,1.25,1.95933
688,1,theta,4,8,12,103,1.25,2.06422
689,1,theta,4,8,13,104,1.25,2.1
690,1,theta,4,9,1,105,1.25795,0
691,1,theta,4,9,2,106,1.25795,0.0357779
692,1,theta,4,9,3,107,1.25795,0.140673
693,1,theta,4,9,4,108,1.25795,0.307538
694,1,theta,4,9,5,109,1.25795,0.525
695,1,theta,4,9,6,110,1.25795,0.77824
696,1,theta,4,9,7,111,1.25795,1.05
697,1,theta,4,9,8,112,1.25795,1.32176
698,1,theta,4,9,9,113,1.25795,1.575
699,1,theta,4,9,10,114,1.25795,1.79246
700,1,theta,4,9,11,115,1.25795,1.95933
701,1,theta,4,9,12,116,1.25795,2.06422
702,1,theta,4,9,13,117,1.25795,2.1
703,1,theta,4,10,1,118,1.2655,0
704,1,theta,4,10,2,119,1.2655,0.0357779
705,1,theta,4,10,3,120,1.2655,0.140673
706,1,theta,4,10,4,121,1.2655,0.307538
707,1,theta,4,10,5,122,1.2655,0.525
708,1,theta,4,10,6,123,1.2655,0.77824
709,1,theta,4,10,7,124,1.2655,1.05
710,1,theta,4,10,8,125,1.2655,1.32176
711,1,theta,4,10,9,126,1.2655,1.575
712,1,theta,4,10,10,127,1.2655,1.79246
713,1,theta,4,10,11,128,1.2655,1.95933
714,1,theta,4,10,12,129,1.2655,2.06422
715,1,theta,4,10,13,130,1.2655,2.1
716,1,theta,4,11,1,131,1.27227,0
717,1,theta,4,11,2,132,1.27227,0.0357779
718,1,theta,4,11,3,133,1.27227,0.140673
719,1,theta,4,11,4,134,1.27227,0.307538
720,1,theta,4,11,5,135,1.27227,0.525
721,1,theta,4,11,6,136,1.27227,0.77824
722,1,theta,4,11,7,137,1.27227,1.05
723,1,theta,4,11,8,138,1.27227,1.32176
724,1,theta,4,11,9,139,1.27227,1.575
725,1,theta,4,11,10,140,1.27227,1.79246
726,1,theta,4,11,11,141,1.27227,1.95933
727,1,theta,4,11,12,142,1.27227,2.06422
728,1,theta,4,11,13,143,1.27227,2.1
729,1,theta,4,12,1,144,1.27792,0
730,1,theta,4,12,2,145,1.27792,0.0357779
731,1,theta,4,12,3,146,1.27792,0.140673
732,1,theta,4,12,4,147,1.27792,0.307538
733,1,theta,4,12,5,148,1.27792,0.525
734,1,theta,4,12,6,149,1.27792,0.77824
735,1,theta,4,12,7,150,1.27792,1.05
736,1,theta,4,12,8,151,1.27792,1.32176
737,1,theta,4,12,9,152,1.27792,1.575
738,1,theta,4,12,10,153,1.27792,1.79246
739,1,theta,4,12,11,154,1.27792,1.95933
740,1,theta,4,12,12,155,1.27792,2.06422
741,1,theta,4,12,13,156,1.27792,2.1
742,1,theta,4,13,1,157,1.28218,0
743,1,theta,4,13,2,158,1.28218,0.0357779
744,1,theta,4,13,3,159,1.28218,0.140673
745,1,theta,4,13,4,160,1.28218,0.307538
746,1,theta,4,13,5,161,1.28218,0.525
747,1,theta,4,13,6,162,1.28218,0.77824
748,1,theta,4,13,7,163,1.28218,1.05
749,1,theta,4,13,8,164,1.28218,1.32176
750,1,theta,4,13,9,165,1.28218,1.575
751,1,theta,4,13,10,166,1.28218,1.79246
752,1,theta,4,13,11,167,1.28218,1.95933
753,1,theta,4,13,12,168,1.28218,2.06422
754,1,theta,4,13,13,169,1.28218,2.1
755,1,theta,4,14,1,170,1.28482,0
756,1,theta,4,14,2,171,1.28482,0.0357779
757,1,theta,4,14,3,172,1.28482,0.140673
758,1,theta,4,14,4,173,1.28482,0.307538
759,1,theta,4,14,5,174,1.28482,0.525
760,1,theta,4,14,6,175,1.28482,0.77824
761,1,theta,4,14,7,176,1.28482,1.05
762,1,theta,4,14,8,177,1.28482,1.32176
763,1,theta,4,14,9,178,1.28482,1.575
764,1,theta,4,14,10,179,1.28482,1.79246
765,1,theta,4,14,11,180,1.28482,1.95933
766,1,theta,4,14,12,181,1.28482,2.06422
767,1,theta,4,14,13,182,1.28482,2.1
768,1,theta,4,15,1,183,1.28571,0
769,1,theta,4,15,2,184,1.28571,0.0357779
770,1,theta,4,15,3,185,1.28571,0.140673
771,1,theta,4,15,4,186,1.28571,0.307538
772,1,theta,4,15,5,187,1.28571,0.525
773,1,theta,4,15,6,188,1.28571,0.77824
774,1,theta,4,15,7,189,1.28571,1.05
775,1,theta,4,15,8,190,1.28571,1.32176
776,1,theta,4,15,9,191,1.28571,1.575
777,1,theta,4,15,10,192,1.28571,1.79246
778,1,theta,4,15,11,193,1.28571,1.95933
779,1,theta,4,15,12,194,1.28571,2.06422
780,1,theta,4,15,13,195,1.28571,2.1
781,1,theta,5,1,1,1,1.28571,0
782,1,theta,5,1,2,2,1.28571,0.0357779
783,1,theta,5,1,3,3,1.28571,0.140673
784,1,theta,5,1,4,4,1.28571,0.307538
785,1,theta,5,1,5,5,1.28571,0.525
786,1,theta,5,1,6,6,1.28571,0.77824
787,1,theta,5,1,7,7,1.28571,1.05
788,1,theta,5,1,8,8,1.28571,1.32176
789,1,theta,5,1,9,9,1.28571,1.575
790,1,theta,5,1,10,10,1.28571,1.79246
791,1,theta,5,1,11,11,1.28571,1.95933
792,1,theta,5,1,12,12,1.28571,2.06422
793,1,theta,5,1,13,13,1.28571,2.1
794,1,theta,5,2,1,14,1.28661,0
795,1,theta,5,2,2,15,1.28661,0.0357779
796,1,theta,5,2,3,16,1.28661,0.140673
797,1,theta,5,2,4,17,1.28661,0.307538
798,1,theta,5,2,5,18,1.28661,0.525
799,1,theta,5,2,6,19,1.28661,0.77824
800,1,theta,5,2,7,20,1.28661,1.05
801,1,theta,5,2,8,21,1.28661,1.32176
802,1,theta,5,2,9,22,1.28661,1.575
803,1,theta,5,2,10,23,1.28661,1.79246
804,1,theta,5,2,11,24,1.28661,1.95933
805,1,theta,5,2,12,25,1.28661,2.06422
806,1,theta,5,2,13,26,1.28661,2.1
807,1,theta,5,3,1,27,1.28925,0
808,1,theta,5,3,2,28,1.28925,0.0357779
809,1,theta,5,3,3,29,1.28925,0.140673
810,1,theta,5,3,4,30,1.28925,0.307538
811,1,theta,5,3,5,31,1.28925,0.525
812,1,theta,5,3,6,32,1.28925,0.77824
813,1,theta,5,3,7,33,1.28925,1.05
814,1,theta,5,3,8,34,1.28925,1.32176
815,1,theta,5,3,9,35,1.28925,1.575
816,1,theta,5,3,10,36,1.28925,1.79246
817,1,theta,5,3,11,37,1.28925,1.95933
818,1,theta,5,3,12,38,1.28925,2.06422
819,1,theta,5,3,13,39,1.28925,2.1
820,1,theta,5,4,1,40,1.29351,0
821,1,theta,5,4,2,41,1.29351,0.0357779
822,1,theta,5,4,3,42,1.29351,0.140673
823,1,theta,5,4,4,43,1.29351,0.307538
824,1,theta,5,4,5,44,1.29351,0.525
825,1,theta,5,4,6,45,1.29351,0.77824
826,1,theta,5,4,7,46,1.29351,1.05
827,1,theta,5,4,8,47,1.29351,1.32176
828,1,theta,5,4,9,48,1.29351,1.575
829,1,theta,5,4,10,49,1.29351,1.79246
830,1,theta,5,4,11,50,1.29351,1.95933
831,1,theta,5,4,12,51,1.29351,2.06422
832,1,theta,5,4,13,52,1.29351,2.1
833,1,theta,5,5,1,53,1.29916,0
834,1,theta,5,5,2,54,1.29916,0.0357779
835,1,theta,5,5,3,55,1.29916,0.140673
836,1,theta,5,5,4,56,1.29916,0.307538
837,1,theta,5,5,5,57,1.29916,0.525
838,1,theta,5,5,6,58,1.29916,0.77824
839,1,theta,5,5,7,59,1.29916,1.05
840,1,theta,5,5,8,60,1.29916,1.32176
841,1,theta,5,5,9,61,1.29916,1.575
842,1,theta,5,5,10,62,1.29916,1.79246
843,1,theta,5,5,11,63,1.29916,1.95933
844,1,theta,5,5,12,64,1.29916,2.06422
845,1,theta,5,5,13,65,1.29916,2.1
846,1,theta,5,6,1,66,1.30593,0
847,1,theta,5,6,2,67,1.30593,0.0357779
848,1,theta,5,6,3,68,1.30593,0.140673
849,1,theta,5,6,4,69,1.30593,0.307538
850,1,theta,5,6,5,70,1.30593,0.525
851,1,theta,5,6,6,71,1.30593,0.77824
852,1,theta,5,6,7,72,1.30593,1.05
853,1,theta,5,6,8,73,1.30593,1.32176
854,1,theta,5,6,9,74,1.30593,1.575
855,1,theta,5,6,10,75,1.30593,1.79246
856,1,theta,5,6,11,76,1.30593,1.95933
857,1,theta,5,6,12,77,1.30593,2.06422
858,1,theta,5,6,13,78,1.30593,2.1
859,1,theta,5,7,1,79,1.31348,0
860,1,theta,5,7,2,80,1.31348,0.0357779
861,1,theta,5,7,3,81,1.31348,0.140673
862,1,theta,5,7,4,82,1.31348,0.307538
863,1,theta,5,7,5,83,1.31348,0.525
864,1,theta,5,7,6,84,1.31348,0.77824
865,1,theta,5,7,7,85,1.31348,1.05
866,1,theta,5,7,8,86,1.31348,1.32176
867,1,theta,5,7,9,87,1.31348,1.575
868,1,theta,5,7,10,88,1.31348,1.79246
869,1,theta,5,7,11,89,1.31348,1.95933
870,1,theta,5,7,12,90,1.31348,2.06422
871,1,theta,5,7,13,91,1.31348,2.1
872,1,theta,5,8,1,92,1.32143,0
873,1,theta,5,8,2,93,1.32143,0.0357779
874,1,theta,5,8,3,94,1.32143,0.140673
875,1,theta,5,8,4,95,1.32143,0.307538
876,1,theta,5,8,5,96,1.32143,0.525
877,1,theta,5,8,6,97,1.32143,0.77824
878,1,theta,5,8,7,98,1.32143,1.05
879,1,theta,5,8,8,99,1.32143,1.32176
880,1,theta,5,8,9,100,1.32143,1.575
881,1,theta,5,8,10,101,1.32143,1.79246
882,1,theta,5,8,11,102,1.32143,1.95933
883,1,theta,5,8,12,103,1.32143,2.06422
884,1,theta,5,8,13,104,1.32143,2.1
885,1,theta,5,9,1,105,1.32938,0
886,1,theta,5,9,2,106,1.32938,0.0357779
887,1,theta,5,9,3,107,1.32938,0.140673
888,1,theta,5,9,4,108,1.32938,0.307538
889,1,theta,5,9,5,109,1.32938,0.525
890,1,theta,5,9,6,110,1.32938,0.77824
891,1,theta,5,9,7,111,1.32938,1.05
892,1,theta,5,9,8,112,1.32938,1.32176
893,1,theta,5,9,9,113,1.32938,1.575
894,1,theta,5,9,10,114,1.32938,1.79246
895,1,theta,5,9,11,115,1.32938,1.95933
896,1,theta,5,9,12,116,1.32938,2.06422
897,1,theta,5,9,13,117,1.32938,2.1
898,1,theta,5,10,1,118,1.33692,0
899,1,theta,5,10,2,119,1.33692,0.0357779
900,1,theta,5,10,3,120,1.33692,0.140673
901,1,theta,5,10,4,121,1.33692,0.307538
902,1,theta,5,10,5,122,1.33692,0.525
903,1,theta,5,10,6,123,1.33692,0.77824
904,1,theta,5,10,7,124,1.33692,1.05
905,1,theta,5,10,8,125,1.33692,1.32176
906,1,theta,5,10,9,126,1.33692,1.575
907,1,theta,5,10,10,127,1.33692,1.79246
908,1,theta,5,10,11,128,1.33692,1.95933
909,1,theta,5,10,12,129,1.33692,2.06422
910,1,theta,5,10,13,130,1.33692,2.1
911,1,theta,5,11,1,131,1.3437,0
912,1,theta,5,11,2,132,1.3437,0.0357779
913,1,theta,5,11,3,133,1.3437,0.140673
914,1,theta,5,11,4,134,1.3437,0.307538
915,1,theta,5,11,5,135,1.3437,0.525
916,1,theta,5,11,6,136,1.3437,0.77824
917,1,theta,5,11,7,137,1.3437,1.05
918,1,theta,5,11,8,138,1.3437,1.32176
919,1,theta,5,11,9,139,1.3437,1.575
920,1,theta,5,11,10,140,1.3437,1.79246
921,1,theta,5,11,11,141,1.3437,1.95933
922,1,theta,5,11,12,142,1.3437,2.06422
923,1,theta,5,11,13,143,1.3437,2.1
924,1,theta,5,12,1,144,1.34935,0
925,1,theta,5,12,2,145,1.34935,0.0357779
926,1,theta,5,12,3,146,1.34935,0.140673
927,1,theta,5,12,4,147,1.34935,0.307538
928,1,theta,5,12,5,148,1.34935,0.525
929,1,theta,5,12,6,149,1.34935,0.77824
930,1,theta,5,12,7,150,1.34935,1.05
931,1,theta,5,12,8,151,1.34935,1.32176
932,1,theta,5,12,9,152,1.34935,1.575
933,1,theta,5,12,10,153,1.34935,1.79246
934,1,theta,5,12,11,154,1.34935,1.95933
935,1,theta,5,12,12,155,1.34935,2.06422
936,1,theta,5,12,13,156,1.34935,2.1
937,1,theta,5,13,1,157,1.35361,0
938,1,theta,5,13,2,158,1.35361,0.0357779
939,1,theta,5,13,3,159,1.35361,0.140673
940,1,theta,5,13,4,160,1.35361,0.307538
941,1,theta,5,13,5,161,1.35361,0.525
942,1,theta,5,13,6,162,1.35361,0.77824
943,1,theta,5,13,7,163,1.35361,1.05
944,1,theta,5,13,8,164,1.35361,1.32176
945,1,theta,5,13,9,165,1.35361,1.575
946,1,theta,5,13,10,166,1.35361,1.79246
947,1,theta,5,13,11,167,1.35361,1.95933
948,1,theta,5,13,12,168,1.35361,2.06422
949,1,theta,5,13,13,169,1.35361,2.1
950,1,theta,5,14,1,170,1.35625,0
951,1,theta,5,14,2,171,1.35625,0.0357779
952,1,theta,5,14,3,172,1.35625,0.140673
953,1,theta,5,14,4,173,1.35625,0.307538
954,1,theta,5,14,5,174,1.35625,0.525
955,1,theta,5,14,6,175,1.35625,0.77824
956,1,theta,5,14,7,176,1.35625,1.05
957,1,theta,5,14,8,177,1.35625,1.32176
958,1,theta,5,14,9,178,1.35625,1.575
959,1,theta,5,14,10,179,1.35625,1.79246
960,1,theta,5,14,11,180,1.35625,1.95933
961,1,theta,5,14,12,181,1.35625,2.06422
962,1,theta,5,14,13,182,1.35625,2.1
963,1,theta,5,15,1,183,1.35714,0
964,1,theta,5,15,2,184,1.35714,0.0357779
965,1,theta,5,15,3,185,1.35714,0.140673
966,1,theta,5,15,4,186,1.35714,0.307538
967,1,theta,5,15,5,187,1.35714,0.525
968,1,theta,5,15,6,188,1.35714,0.77824
969,1,theta,5,15,7,189,1.35714,1.05
970,1,theta,5,15,8,190,1.35714,1.32176
971,1,theta,5,15,9,191,1.35714,1.575
972,1,theta,5,15,10,192,1.35714,1.79246
973,1,theta,5,15,11,193,1.35714,1.95933
974,1,theta,5,15,12,194,1.35714,2.06422
975,1,theta,5,15,13,195,1.35714,2.1
976,1,theta,6,1,1,1,1.35714,0
977,1,theta,6,1,2,2,1.35714,0.0357779
978,1,theta,6,1,3,3,1.35714,0.140673
979,1,theta,6,1,4,4,1.35714,0.307538
980,1,theta,6,1,5,5,1.35714,0.525
981,1,theta,6,1,6,6,1.35714,0.77824
982,1,theta,6,1,7,7,1.35714,1.05
983,1,theta,6,1,8,8,1.35714,1.32176
984,1,theta,6,1,9,9,1.35714,1.575
985,1,theta,6,1,10,10,1.35714,1.79246
986,1,theta,6,1,11,11,1.35714,1.95933
987,1,theta,6,1,12,12,1.35714,2.06422
988,1,theta,6,1,13,13,1.35714,2.1
989,1,theta,6,2,1,14,1.35804,0
990,1,theta,6,2,2,15,1.35804,0.0357779
991,1,theta,6,2,3,16,1.35804,0.140673
992,1,theta,6,2,4,17,1.35804,0.307538
993,1,theta,6,2,5,18,1.35804,0.525
994,1,theta,6,2,6,19,1.35804,0.77824
995,1,theta,6,2,7,20,1.35804,1.05
996,1,theta,6,2,8,21,1.35804,1.32176
997,1,theta,6,2,9,22,1.35804,1.575
998,1,theta,6,2,10,23,1.35804,1.79246
999,1,theta,6,2,11,24,1.35804,1.95933
1000,1,theta,6,2,12,25,1.35804,2.06422
1001,1,theta,6,2,13,26,1.35804,2.1
1002,1,theta,6,3,1,27,1.36068,0
1003,1,theta,6,3,2,28,1.36068,0.0357779
1004,1,theta,6,3,3,29,1.36068,0.140673
1005,1,theta,6,3,4,30,1.36068,0.307538
1006,1,theta,6,3,5,31,1.36068,0.525
1007,1,theta,6,3,6,32,1.36068,0.77824
1008,1,theta,6,3,7,33,1.36068,1.05
1009,1,theta,6,3,8,34,1.36068,1.32176
1010,1,theta,6,3,9,35,1.36068,1.575
1011,1,theta,6,3,10,36,1.36068,1.79246
1012,1,theta,6,3,11,37,1.36068,1.95933
1013,1,theta,6,3,12,38,1.36068,2.06422
1014,1,theta,6,3,13,39,1.36068,2.1
1015,1,theta,6,4,1,40,1.36493,0
1016,1,theta,6,4,2,41,1.36493,0.0357779
1017,1,theta,6,4,3,42,1.36493,0.140673
1018,1,theta,6,4,4,43,1.36493,0.307538
1019,1,theta,6,4,5,44,1.36493,0.525
1020,1,theta,6,4,6,45,1.36493,0.77824
1021,1,theta,6,4,7,46,1.36493,1.05
1022,1,theta,6,4,8,47,1.36493,1.32176
1023,1,theta,6,4,9,48,1.36493,1.575
1024,1,theta,6,4,10,49,1.36493,1.79246
1025,1,theta,6,4,11,50,1.36493,1.95933
1026,1,theta,6,4,12,51,1.36493,2.06422
1027,1,theta,6,4,13,52,1.36493,2.1
1028,1,theta,6,5,1,53,1.37059,0
1029,1,theta,6,5,2,54,1.37059,0.0357779
1030,1,theta,6,5,3,55,1.37059,0.140673
1031,1,theta,6,5,4,56,1.37059,0.307538
1032,1,theta,6,5,5,57,1.37059,0.525
1033,1,theta,6,5,6,58,1.37059,0.77824
1034,1,theta,6,5,7,59,1.37059,1.05
1035,1,theta,6,5,8,60,1.37059,1.32176
1036,1,theta,6,5,9,61,1.37059,1.575
1037,1,theta,6,5,10,62,1.37059,1.79246
1038,1,theta,6,5,11,63,1.37059,1.95933
1039,1,theta,6,5,12,64,1.37059,2.06422
1040,1,theta,6,5,13,65,1.37059,2.1
1041,1,theta,6,6,1,66,1.37736,0
1042,1,theta,6,6,2,67,1.37736,0.0357779
1043,1,theta,6,6,3,68,1.37736,0.140673
1044,1,theta,6,6,4,69,1.37736,0.307538
1045,1,theta,6,6,5,70,1.37736,0.525
1046,1,theta,6,6,6,71,1.37736,0.77824
1047,1,theta,6,6,7,72,1.37736,1.05
1048,1,theta,6,6,8,73,1.37736,1.32176
1049,1,theta,6,6,9,74,1.37736,1.575
1050,1,theta,6,6,10,75,1.37736,1.79246
1051,1,theta,6,6,11,76,1.37736,1.95933
1052,1,theta,6,6,12,77,1.37736,2.06422
1053,1,theta,6,6,13,78,1.37736,2.1
1054,1,theta,6,7,1,79,1.38491,0
1055,1,theta,6,7,2,80,1.38491,0.0357779
1056,1,theta,6,7,3,81,1.38491,0.140673
1057,1,theta,6,7,4,82,1.38491,0.307538
1058,1,theta,6,7,5,83,1.38491,0.525
1059,1,theta,6,7,6,84,1.38491,0.77824
1060,1,theta,6,7,7,85,1.38491,1.05
1061,1,theta,6,7,8,86,1.38491,1.32176
1062,1,theta,6,7,9,87,1.38491,1.575
1063,1,theta,6,7,10,88,1.38491,1.79246
1064,1,theta,6,7,11,89,1.38491,1.95933
1065,1,theta,6,7,12,90,1.38491,2.06422
1066,1,theta,6,7,13,91,1.38491,2.1
1067,1,theta,6,8,1,92,1.39286,0
1068,1,theta,6,8,2,93,1.39286,0.0357779
1069,1,theta,6,8,3,94,1.39286,0.140673
1070,1,theta,6,8,4,95,1.39286,0.307538
1071,1,theta,6,8,5,96,1.39286,0.525
1072,1,theta,6,8,6,97,1.39286,0.77824
1073,1,theta,6,8,7,98,1.39286,1.05
1074,1,theta,6,8,8,99,1.39286,1.32176
1075,1,theta,6,8,9,100,1.39286,1.575
1076,1,theta,6,8,10,101,1.39286,1.79246
1077,1,theta,6,8,11,102,1.39286,1.95933
1078,1,theta,6,8,12,103,1.39286,2.06422
1079,1,theta,6,8,13,104,1.39286,2.1
1080,1,theta,6,9,1,105,1.4008,0
1081,1,theta,6,9,2,106,1.4008,0.0357779
1082,1,theta,6,9,3,107,1.4008,0.140673
1083,1,theta,6,9,4,108,1.4008,0.307538
1084,1,theta,6,9,5,109,1.4008,0.525
1085,1,theta,6,9,6,110,1.4008,0.77824
1086,1,theta,6,9,7,111,1.4008,1.05
1087,1,theta,6,9,8,112,1.4008,1.32176
1088,1,theta,6,9,9,113,1.4008,1.575
1089,1,theta,6,9,10,114,1.4008,1.79246
1090,1,theta,6,9,11,115,1.4008,1.95933
1091,1,theta,6,9,12,116,1.4008,2.06422
1092,1,theta,6,9,13,117,1.4008,2.1
1093,1,theta,6,10,1,118,1.40835,0
1094,1,theta,6,10,2,119,1.40835,0.0357779
1095,1,theta,6,10,3,120,1.40835,0.140673
1096,1,theta,6,10,4,121,1.40835,0.307538
1097,1,theta,6,10,5,122,1.40835,0.525
1098,1,theta,6,10,6,123,1.40835,0.77824
1099,1,theta,6,10,7,124,1.40835,1.05
1100,1,theta,6,10,8,125,1.40835,1.32176
1101,1,theta,6,10,9,126,1.40835,1.575
1102,1,theta,6,10,10,127,1.40835,1.79246
1103,1,theta,6,10,11,128,1.40835,1.95933
1104,1,theta,6,10,12,129,1.40835,2.06422
1105,1,theta,6,10,13,130,1.40835,2.1
1106,1,theta,6,11,1,131,1.41512,0
1107,1,theta,6,11,2,132,1.41512,0.0357779
1108,1,theta,6,11,3,133,1.41512,0.140673
1109,1,theta,6,11,4,134,1.41512,0.307538
1110,1,theta,6,11,5,135,1.41512,0.525
1111,1,theta,6,11,6,136,1.41512,0.77824
1112,1,theta,6,11,7,137,1.41512,1.05
1113,1,theta,6,11,8,138,1.41512,1.32176
1114,1,theta,6,11,9,139,1.41512,1.575
1115,1,theta,6,11,10,140,1.41512,1.79246
1116,1,theta,6,11,11,141,1.41512,1.95933
1117,1,theta,6,11,12,142,1.41512,2.06422
1118,1,theta,6,11,13,143,1.41512,2.1
1119,1,theta,6,12,1,144,1.42078,0
1120,1,theta,6,12,2,145,1.42078,0.0357779
1121,1,theta,6,12,3,146,1.42078,0.140673
1122,1,theta,6,12,4,147,1.42078,0.307538
1123,1,theta,6,12,5,148,1.42078,0.525
1124,1,theta,6,12,6,149,1.42078,0.77824
1125,1,theta,6,12,7,150,1.42078,1.05
1126,1,theta,6,12,8,151,1.42078,1.32176
1127,1,theta,6,12,9,152,1.42078,1.575
1128,1,theta,6,12,10,153,1.42078,1.79246
1129,1,theta,6,12,11,154,1.42078,1.95933
1130,1,theta,6,12,12,155,1.42078,2.06422
1131,1,theta,6,12,13,156,1.42078,2.1
1132,1,theta,6,13,1,157,1.42503,0
1133,1,theta,6,13,2,158,1.42503,0.0357779
1134,1,theta,6,13,3,159,1.42503,0.140673
1135,1,theta,6,13,4,160,1.42503,0.307538
1136,1,theta,6,13,5,161,1.42503,0.525
1137,1,theta,6,13,6,162,1.42503,0.77824
1138,1,theta,6,13,7,163,1.42503,1.05
1139,1,theta,6,13,8,164,1.42503,1.32176
1140,1,theta,6,13,9,165,1.42503,1.575
1141,1,theta,6,13,10,166,1.42503,1.79246
1142,1,theta,6,13,11,167,1.42503,1.95933
1143,1,theta,6,13,12,168,1.42503,2.06422
1144,1,theta,6,13,13,169,1.42503,2.1
1145,1,theta,6,14,1,170,1.42768,0
1146,1,theta,6,14,2,171,1.42768,0.0357779
1147,1,theta,6,14,3,172,1.42768,0.140673
1148,1,theta,6,14,4,173,1.42768,0.307538
1149,1,theta,6,14,5,174,1.42768,0.525
1150,1,theta,6,14,6,175,1.42768,0.77824
1151,1,theta,6,14,7,176,1.42768,1.05
1152,1,theta,6,14,8,177,1.42768,1.32176
1153,1,theta,6,14,9,178,1.42768,1.575
1154,1,theta,6,14,10,179,1.42768,1.79246
1155,1,theta,6,14,11,180,1.42768,1.95933
1156,1,theta,6,14,12,181,1.42768,2.06422
1157,1,theta,6,14,13,182,1.42768,2.1
1158,1,theta,6,15,1,183,1.42857,0
1159,1,theta,6,15,2,184,1.42857,0.0357779
1160,1,theta,6,15,3,185,1.42857,0.140673
1161,1,theta,6,15,4,186,1.42857,0.307538
1162,1,theta,6,15,5,187,1.42857,0.525
1163,1,theta,6,15,6,188,1.42857,0.77824
1164,1,theta,6,15,7,189,1.42857,1.05
1165,1,theta,6,15,8,190,1.42857,1.32176
1166,1,theta,6,15,9,191,1.42857,1.575
1167,1,theta,6,15,10,192,1.42857,1.79246
1168,1,theta,6,15,11,193,1.42857,1.95933
1169,1,theta,6,15,12,194,1.42857,2.06422
1170,1,theta,6,15,13,195,1.42857,2.1
1171,1,theta,7,1,1,1,1.42857,0
1172,1,theta,7,1,2,2,1.42857,0.0357779
1173,1,theta,7,1,3,3,1.42857,0.140673
1174,1,theta,7,1,4,4,1.42857,0.307538
1175,1,theta,7,1,5,5,1.42857,0.525
1176,1,theta,7,1,6,6,1.42857,0.77824
1177,1,theta,7,1,7,7,1.42857,1.05
1178,1,theta,7,1,8,8,1.42857,1.32176
1179,1,theta,7,1,9,9,1.42857,1.575
1180,1,theta,7,1,10,10,1.42857,1.79246
1181,1,theta,7,1,11,11,1.42857,1.95933
1182,1,theta,7,1,12,12,1.42857,2.06422
1183,1,theta,7,1,13,13,1.42857,2.1
1184,1,theta,7,2,1,14,1.42947,0
1185,1,theta,7,2,2,15,1.42947,0.0357779
1186,1,theta,7,2,3,16,1.42947,0.140673
1187,1,theta,7,2,4,17,1.42947,0.307538
1188,1,theta,7,2,5,18,1.42947,0.525
1189,1,theta,7,2,6,19,1.42947,0.77824
1190,1,theta,7,2,7,20,1.42947,1.05
1191,1,theta,7,2,8,21,1.42947,1.32176
1192,1,theta,7,2,9,22,1.42947,1.575
1193,1,theta,7,2,10,23,1.42947,1.79246
1194,1,theta,7,2,11,24,1.42947,1.95933
1195,1,theta,7,2,12,25,1.42947,2.06422
1196,1,theta,7,2,13,26,1.42947,2.1
1197,1,theta,7,3,1,27,1.43211,0
1198,1,theta,7,3,2,28,1.43211,0.0357779
1199,1,theta,7,3,3,29,1.43211,0.140673
1200,1,theta,7,3,4,30,1.43211,0.307538
1201,1,theta,7,3,5,31,1.43211,0.525
1202,1,theta,7,3,6,32,1.43211,0.77824
1203,1,theta,7,3,7,33,1.43211,1.05
1204,1,theta,7,3,8,34,1.43211,1.32176
1205,1,theta,7,3,9,35,1.43211,1.575
1206,1,theta,7,3,10,36,1.43211,1.79246
1207,1,theta,7,3,11,37,1.43211,1.95933
1208,1,theta,7,3,12,38,1.43211,2.06422
1209,1,theta,7,3,13,39,1.43211,2.1
1210,1,theta,7,4,1,40,1.43636,0
1211,1,theta,7,4,2,41,1.43636,0.0357779
1212,1,theta,7,4,3,42,1.43636,0.140673
1213,1,theta,7,4,4,43,1.43636,0.307538
1214,1,theta,7,4,5,44,1.43636,0.525
1215,1,theta,7,4,6,45,1.43636,0.77824
1216,1,theta,7,4,7,46,1.43636,1.05
1217,1,theta,7,4,8,47,1.43636,1.32176
1218,1,theta,7,4,9,48,1.43636,1.575
1219,1,theta,7,4,10,49,1.43636,1.79246
1220,1,theta,7,4,11,50,1.43636,1.95933
1221,1,theta,7,4,12,51,1.43636,2.06422
1222,1,theta,7,4,13,52,1.43636,2.1
1223,1,theta,7,5,1,53,1.44202,0
1224,1,theta,7,5,2,54,1.44202,0.0357779
1225,1,theta,7,5,3,55,1.44202,0.140673
1226,1,theta,7,5,4,56,1.44202,0.307538
1227,1,theta,7,5,5,57,1.44202,0.525
1228,1,theta,7,5,6,58,1.44202,0.77824
1229,1,theta,7,5,7,59,1.44202,1.05
1230,1,theta,7,5,8,60,1.44202,1.32176
1231,1,theta,7,5,9,61,1.44202,1.575
1232,1,theta,7,5,10,62,1.44202,1.79246
1233,1,theta,7,5,11,63,1.44202,1.95933
1234,1,theta,7,5,12,64,1.44202,2.06422
1235,1,theta,7,5,13,65,1.44202,2.1
1236,1,theta,7,6,1,66,1.44879,0
1237,1,theta,7,6,2,67,1.44879,0.0357779
1238,1,theta,7,6,3,68,1.44879,0.140673
1239,1,theta,7,6,4,69,1.44879,0.307538
1240,1,theta,7,6,5,70,1.44879,0.525
1241,1,theta,7,6,6,71,1.44879,0.77824
1242,1,theta,7,6,7,72,1.44879,1.05
1243,1,theta,7,6,8,73,1.44879,1.32176
1244,1,theta,7,6,9,74,1.44879,1.575
1245,1,theta,7,6,10,75,1.44879,1.79246
1246,1,theta,7,6,11,76,1.44879,1.95933
1247,1,theta,7,6,12,77,1.44879,2.06422
1248,1,theta,7,6,13,78,1.44879,2.1
1249,1,theta,7,7,1,79,1.45634,0
1250,1,theta,7,7,2,80,1.45634,0.0357779
1251,1,theta,7,7,3,81,1.45634,0.140673
1252,1,theta,7,7,4,82,1.45634,0.307538
1253,1,theta,7,7,5,83,1.45634,0.525
1254,1,theta,7,7,6,84,1.45634,0.77824
1255,1,theta,7,7,7,85,1.45634,1.05
1256,1,theta,7,7,8,86,1.45634,1.32176
1257,1,theta,7,7,9,87,1.45634,1.575
1258,1,theta,7,7,10,88,1.45634,1.79246
1259,1,theta,7,7,11,89,1.45634,1.95933
1260,1,theta,7,7,12,90,1.45634,2.06422
1261,1,theta,7,7,13,91,1.45634,2.1
1262,1,theta,7,8,1,92,1.46429,0
1263,1,theta,7,8,2,93,1.46429,0.0357779
1264,1,theta,7,8,3,94,1.46429,0.140673
1265,1,theta,7,8,4,95,1.46429,0.307538
1266,1,theta,7,8,5,96,1.46429,0.525
1267,1,theta,7,8,6,97,1.46429,0.77824
1268,1,theta,7,8,7,98,1.46429,1.05
1269,1,theta,7,8,8,99,1.46429,1.32176
1270,1,theta,7,8,9,100,1.46429,1.575
1271,1,theta,7,8,10,101,1.46429,1.79246
1272,1,theta,7,8,11,102,1.46429,1.95933
1273,1,theta,7,8,12,103,1.46429,2.06422
1274,1,theta,7,8,13,104,1.46429,2.1
1275,1,theta,7,9,1,105,1.47223,0
1276,1,theta,7,9,2,106,1.47223,0.0357779
1277,1,theta,7,9,3,107,1.47223,0.140673
1278,1,theta,7,9,4,108,1.47223,0.307538
1279,1,theta,7,9,5,109,1.47223,0.525
1280,1,theta,7,9,6,110,1.47223,0.77824
1281,1,theta,7,9,7,111,1.47223,1.05
1282,1,theta,7,9,8,112,1.47223,1.32176
1283,1,theta,7,9,9,113,1.47223,1.575
1284,1,theta,7,9,10,114,1.47223,1.79246
1285,1,theta,7,9,11,115,1.47223,1.95933
1286,1,theta,7,9,12,116,1.47223,2.06422
1287,1,theta,7,9,13,117,1.47223,2.1
1288,1,theta,7,10,1,118,1.47978,0
1289,1,theta,7,10,2,119,1.47978,0.0357779
1290,1,theta,7,10,3,120,1.47978,0.140673
1291,1,theta,7,10,4,121,1.47978,0.307538
1292,1,theta,7,10,5,122,1.47978,0.525
1293,1,theta,7,10,6,123,1.47978,0.77824
1294,1,theta,7,10,7,124,1.47978,1.05
1295,1,theta,7,10,8,125,1.47978,1.32176
1296,1,theta,7,10,9,126,1.47978,1.575
1297,1,theta,7,10,10,127,1.47978,1.79246
1298,1,theta,7,10,11,128,1.47978,1.95933
1299,1,theta,7,10,12,129,1.47978,2.06422
1300,1,theta,7,10,13,130,1.47978,2.1
1301,1,theta,7,11,1,131,1.48655,0
1302,1,theta,7,11,2,132,1.48655,0.0357779
1303,1,theta,7,11,3,133,1.48655,0.140673
1304,1,theta,7,11,4,134,1.48655,0.307538
1305,1,theta,7,11,5,135,1.48655,0.525
1306,1,theta,7,11,6,136,1.48655,0.77824
1307,1,theta,7,11,7,137,1.48655,1.05
1308,1,theta,7,11,8,138,1.48655,1.32176
1309,1,theta,7,11,9,139,1.48655,1.575
1310,1,theta,7,11,10,140,1.48655,1.79246
1311,1,theta,7,11,11,141,1.48655,1.95933
1312,1,theta,7,11,12,142,1.48655,2.06422
1313,1,theta,7,11,13,143,1.48655,2.1
1314,1,theta,7,12,1,144,1.49221,0
1315,1,theta,7,12,2,145,1.49221,0.0357779
1316,1,theta,7,12,3,146,1.49221,0.140673
1317,1,theta,7,12,4,147,1.49221,0.307538
1318,1,theta,7,12,5,148,1.49221,0.525
1319,1,theta,7,12,6,149,1.49221,0.77824
1320,1,theta,7,12,7,150,1.49221,1.05
1321,1,theta,7,12,8,151,1.49221,1.32176
1322,1,theta,7,12,9,152,1.49221,1.575
1323,1,theta,7,12,10,153,1.49221,1.79246
1324,1,theta,7,12,11,154,1.49221,1.95933
1325,1,theta,7,12,12,155,1.49221,2.06422
1326,1,theta,7,12,13,156,1.49221,2.1
1327,1,theta,7,13,1,157,1.49646,0
1328,1,theta,7,13,2,158,1.49646,0.0357779
1329,1,theta,7,13,3,159,1.49646,0.140673
1330,1,theta,7,13,4,160,1.49646,0.307538
1331,1,theta,7,13,5,161,1.49646,0.525
1332,1,theta,7,13,6,162,1.49646,0.77824
1333,1,theta,7,13,7,163,1.49646,1.05
1334,1,theta,7,13,8,164,1.49646,1.32176
1335,1,theta,7,13,9,165,1.49646,1.575
1336,1,theta,7,13,10,166,1.49646,1.79246
1337,1,theta,7,13,11,167,1.49646,1.95933
1338,1,theta,7,13,12,168,1.49646,2.06422
1339,1,theta,7,13,13,169,1.49646,2.1
1340,1,theta,7,14,1,170,1.4991,0
1341,1,theta,7,14,2,171,1.4991,0.0357779
1342,1,theta,7,14,3,172,1.4991,0.140673
1343,1,theta,7,14,4,173,1.4991,0.307538
1344,1,theta,7,14,5,174,1.4991,0.525
1345,1,theta,7,14,6,175,1.4991,0.77824
1346,1,theta,7,14,7,176,1.4991,1.05
1347,1,theta,7,14,8,177,1.4991,1.32176
1348,1,theta,7,14,9,178,1.4991,1.575
1349,1,theta,7,14,10,179,1.4991,1.79246
1350,1,theta,7,14,11,180,1.4991,1.95933
1351,1,theta,7,14,12,181,1.4991,2.06422
1352,1,theta,7,14,13,182,1.4991,2.1
1353,1,theta,7,15,1,183,1.5,0
1354,1,theta,7,15,2,184,1.5,0.0357779
1355,1,theta,7,15,3,185,1.5,0.140673
1356,1,theta,7,15,4,186,1.5,0.307538
1357,1,theta,7,15,5,187,1.5,0.525
1358,1,theta,7,15,6,188,1.5,0.77824
1359,1,theta,7,15,7,189,1.5,1.05
1360,1,theta,7,15,8,190,1.5,1.32176
1361,1,theta,7,15,9,191,1.5,1.575
1362,1,theta,7,15,10,192,1.5,1.79246
1363,1,theta,7,15,11,193,1.5,1.95933
1364,1,theta,7,15,12,194,1.5,2.06422
1365,1,theta,7,15,13,195,1.5,2.1
1366,2,u,1,1,1,1,1,0
1367,2,u,1,1,2,2,1,0.0357779
1368,2,u,1,1,3,3,1,0.140673
1369,2,u,1,1,4,4,1,0.307538
1370,2,u,1,1,5,5,1,0.525
1371,2,u,1,1,6,6,1,0.77824
1372,2,u,1,1,7,7,1,1.05
1373,2,u,1,1,8,8,1,1.32176
1374,2,u,1,1,9,9,1,1.575
1375,2,u,1,1,10,10,1,1.79246
1376,2,u,1,1,11,11,1,1.95933
1377,2,u,1,1,12,12,1,2.06422
1378,2,u,1,1,13,13,1,2.1
1379,2,u,1,2,1,14,1.0009,0
1380,2,u,1,2,2,15,1.0009,0.0357779
1381,2,u,1,2,3,16,1.0009,0.140673
1382,2,u,1,2,4,17,1.0009,0.307538
1383,2,u,1,2,5,18,1.0009,0.525
1384,2,u,1,2,6,19,1.0009,0.77824
1385,2,u,1,2,7,20,1.0009,1.05
1386,2,u,1,2,8,21,1.0009,1.32176
1387,2,u,1,2,9,22,1.0009,1.575
1388,2,u,1,2,10,23,1.0009,1.79246
1389,2,u,1,2,11,24,1.0009,1.95933
1390,2,u,1,2,12,25,1.0009,2.06422
1391,2,u,1,2,13,26,1.0009,2.1
1392,2,u,1,3,1,27,1.00354,0
1393,2,u,1,3,2,28,1.00354,0.0357779
1394,2,u,1,3,3,29,1.00354,0.140673
1395,2,u,1,3,4,30,1.00354,0.307538
1396,2,u,1,3,5,31,1.00354,0.525
1397,2,u,1,3,6,32,1.00354,0.77824
1398,2,u,1,3,7,33,1.00354,1.05
1399,2,u,1,3,8,34,1.00354,1.32176
1400,2,u,1,3,9,35,1.00354,1.575
1401,2,u,1,3,10,36,1.00354,1.79246
1402,2,u,1,3,11,37,1.00354,1.95933
1403,2,u,1,3,12,38,1.00354,2.06422
1404,2,u,1,3,13,39,1.00354,2.1
1405,2,u,1,4,1,40,1.00779,0
1406,2,u,1,4,2,41,1.00779,0.0357779
1407,2,u,1,4,3,42,1.00779,0.140673
1408,2,u,1,4,4,43,1.00779,0.307538
1409,2,u,1,4,5,44,1.00779,0.525
1410,2,u,1,4,6,45,1.00779,0.77824
1411,2,u,1,4,7,46,1.00779,1.05
1412,2,u,1,4,8,47,1.00779,1.32176
1413,2,u,1,4,9,48,1.00779,1.575
1414,2,u,1,4,10,49,1.00779,1.79246
1415,2,u,1,4,11,50,1.00779,1.95933
1416,2,u,1,4,12,51,1.00779,2.06422
1417,2,u,1,4,13,52,1.00779,2.1
1418,2,u,1,5,1,53,1.01345,0
1419,2,u,1,5,2,54,1.01345,0.0357779
1420,2,u,1,5,3,55,1.01345,0.140673
1421,2,u,1,5,4,56,1.01345,0.307538
1422,2,u,1,5,5,57,1.01345,0.525
1423,2,u,1,5,6,58,1.01345,0.77824
1424,2,u,1,5,7,59,1.01345,1.05
1425,2,u,1,5,8,60,1.01345,1.32176
1426,2,u,1,5,9,61,1.01345,1.575
1427,2,u,1,5,10,62,1.01345,1.79246
1428,2,u,1,5,11,63,1.01345,1.95933
1429,2,u,1,5,12,64,1.01345,2.06422
1430,2,u,1,5,13,65,1.01345,2.1
1431,2,u,1,6,1,66,1.02022,0
1432,2,u,1,6,2,67,1.02022,0.0357779
1433,2,u,1,6,3,68,1.02022,0.140673
1434,2,u,1,6,4,69,1.02022,0.307538
1435,2,u,1,6,5,70,1.02022,0.525
1436,2,u,1,6,6,71,1.02022,0.77824
1437,2,u,1,6,7,72,1.02022,1.05
1438,2,u,1,6,8,73,1.02022,1.32176
1439,2,u,1,6,9,74,1.02022,1.575
1440,2,u,1,6,10,75,1.02022,1.79246
1441,2,u,1,6,11,76,1.02022,1.95933
1442,2,u,1,6,12,77,1.02022,2.06422
1443,2,u,1,6,13,78,1.02022,2.1
1444,2,u,1,7,1,79,1.02777,0
1445,2,u,1,7,2,80,1.02777,0.0357779
1446,2,u,1,7,3,81,1.02777,0.140673
1447,2,u,1,7,4,82,1.02777,0.307538
1448,2,u,1,7,5,83,1.02777,0.525
1449,2,u,1,7,6,84,1.02777,0.77824
1450,2,u,1,7,7,85,1.02777,1.05
1451,2,u,1,7,8,86,1.02777,1.32176
1452,2,u,1,7,9,87,1.02777,1.575
1453,2,u,1,7,10,88,1.02777,1.79246
1454,2,u,1,7,11,89,1.02777,1.95933
1455,2,u,1,7,12,90,1.02777,2.06422
1456,2,u,1,7,13,91,1.02777,2.1
1457,2,u,1,8,1,92,1.03571,0
1458,2,u,1,8,2,93,1.03571,0.0357779
1459,2,u,1,8,3,94,1.03571,0.140673
1460,2,u,1,8,4,95,1.03571,0.307538
1461,2,u,1,8,5,96,1.03571,0.525
1462,2,u,1,8,6,97,1.03571,0.77824
1463,2,u,1,8,7,98,1.03571,1.05
1464,2,u,1,8,8,99,1.03571,1.32176
1465,2,u,1,8,9,100,1.03571,1.575
1466,2,u,1,8,10,101,1.03571,1.79246
1467,2,u,1,8,11,102,1.03571,1.95933
1468,2,u,1,8,12,103,1.03571,2.06422
1469,2,u,1,8,13,104,1.03571,2.1
1470,2,u,1,9,1,105,1.04366,0
1471,2,u,1,9,2,106,1.04366,0.0357779
1472,2,u,1,9,3,107,1.04366,0.140673
1473,2,u,1,9,4,108,1.04366,0.307538
1474,2,u,1,9,5,109,1.04366,0.525
1475,2,u,1,9,6,110,1.04366,0.77824
1476,2,u,1,9,7,111,1.04366,1.05
1477,2,u,1,9,8,112,1.04366,1.32176
1478,2,u,1,9,9,113,1.04366,1.575
1479,2,u,1,9,10,114,1.04366,1.79246
1480,2,u,1,9,11,115,1.04366,1.95933
1481,2,u,1,9,12,116,1.04366,2.06422
1482,2,u,1,9,13,117,1.04366,2.1
1483,2,u,1,10,1,118,1.05121,0
1484,2,u,1,10,2,119,1.05121,0.0357779
1485,2,u,1,10,3,120,1.05121,0.140673
1486,2,u,1,10,4,121,1.05121,0.307538
1487,2,u,1,10,5,122,1.05121,0.525
1488,2,u,1,10,6,123,1.05121,0.77824
1489,2,u,1,10,7,124,1.05121,1.05
1490,2,u,1,10,8,125,1.05121,1.32176
1491,2,u,1,10,9,126,1.05121,1.575
1492,2,u,1,10,10,127,1.05121,1.79246
1493,2,u,1,10,11,128,1.05121,1.95933
1494,2,u,1,10,12,129,1.05121,2.06422
1495,2,u,1,10,13,130,1.05121,2.1
1496,2,u,1,11,1,131,1.05798,0
1497,2,u,1,11,2,132,1.05798,0.0357779
1498,2,u,1,11,3,133,1.05798,0.140673
1499,2,u,1,11,4,134,1.05798,0.307538
1500,2,u,1,11,5,135,1.05798,0.525
1501,2,u,1,11,6,136,1.05798,0.77824
1502,2,u,1,11,7,137,1.05798,1.05
1503,2,u,1,11,8,138,1.05798,1.32176
1504,2,u,1,11,9,139,1.05798,1.575
1505,2,u,1,11,10,140,1.05798,1.79246
1506,2,u,1,11,11,141,1.05798,1.95933
1507,2,u,1,11,12,142,1.05798,2.06422
1508,2,u,1,11,13,143,1.05798,2.1
1509,2,u,1,12,1,144,1.06364,0
1510,2,u,1,12,2,145,1.06364,0.0357779
1511,2,u,1,12,3,146,1.06364,0.140673
1512,2,u,1,12,4,147,1.06364,0.307538
1513,2,u,1,12,5,148,1.06364,0.525
1514,2,u,1,12,6,149,1.06364,0.77824
1515,2,u,1,12,7,150,1.06364,1.05
1516,2,u,1,12,8,151,1.06364,1.32176
1517,2,u,1,12,9,152,1.06364,1.575
1518,2,u,1,12,10,153,1.06364,1.79246
1519,2,u,1,12,11,154,1.06364,1.95933
1520,2,u,1,12,12,155,1.06364,2.06422
1521,2,u,1,12,13,156,1.06364,2.1
1522,2,u,1,13,1,157,1.06789,0
1523,2,u,1,13,2,158,1.06789,0.0357779
1524,2,u,1,13,3,159,1.06789,0.140673
1525,2,u,1,13,4,160,1.06789,0.307538
1526,2,u,1,13,5,161,1.06789,0.525
1527,2,u,1,13,6,162,1.06789,0.77824
1528,2,u,1,13,7,163,1.06789,1.05
1529,2,u,1,13,8,164,1.06789,1.32176
1530,2,u,1,13,9,165,1.06789,1.575
1531,2,u,1,13,10,166,1.06789,1.79246
1532,2,u,1,13,11,167,1.06789,1.95933
1533,2,u,1,13,12,168,1.06789,2.06422
1534,2,u,1,13,13,169,1.06789,2.1
1535,2,u,1,14,1,170,1.07053,0
1536,2,u,1,14,2,171,1.07053,0.0357779
1537,2,u,1,14,3,172,1.07053,0.140673
1538,2,u,1,14,4,173,1.07053,0.307538
1539,2,u,1,14,5,174,1.07053,0.525
1540,2,u,1,14,6,175,1.07053,0.77824
1541,2,u,1,14,7,176,1.07053,1.05
1542,2,u,1,14,8,177,1.07053,1.32176
1543,2,u,1,14,9,178,1.07053,1.575
1544,2,u,1,14,10,179,1.07053,1.79246
1545,2,u,1,14,11,180,1.07053,1.95933
1546,2,u,1,14,12,181,1.07053,2.06422
1547,2,u,1,14,13,182,1.07053,2.1
1548,2,u,1,15,1,183,1.07143,0
1549,2,u,1,15,2,184,1.07143,0.0357779
1550,2,u,1,15,3,185,1.07143,0.140673
1551,2,u,1,15,4,186,1.07143,0.307538
1552,2,u,1,15,5,187,1.07143,0.525
1553,2,u,1,15,6,188,1.07143,0.77824
1554,2,u,1,15,7,189,1.07143,1.05
1555,2,u,1,15,8,190,1.07143,1.32176
1556,2,u,1,15,9,191,1.07143,1.575
1557,2,u,1,15,10,192,1.07143,1.79246
1558,2,u,1,15,11,193,1.07143,1.95933
1559,2,u,1,15,12,194,1.07143,2.06422
1560,2,u,1,15,13,195,1.07143,2.1
1561,2,u,2,1,1,1,1.07143,0
1562,2,u,2,1,2,2,1.07143,0.0357779
1563,2,u,2,1,3,3,1.07143,0.140673
1564,2,u,2,1,4,4,1.07143,0.307538
1565,2,u,2,1,5,5,1.07143,0.525
1566,2,u,2,1,6,6,1.07143,0.77824
1567,2,u,2,1,7,7,1.07143,1.05
1568,2,u,2,1,8,8,1.07143,1.32176
1569,2,u,2,1,9,9,1.07143,1.575
1570,2,u,2,1,10,10,1.07143,1.79246
1571,2,u,2,1,11,11,1.07143,1.95933
1572,2,u,2,1,12,12,1.07143,2.06422
1573,2,u,2,1,13,13,1.07143,2.1
1574,2,u,2,2,1,14,1.07232,0
1575,2,u,2,2,2,15,1.07232,0.0357779
1576,2,u,2,2,3,16,1.07232,0.140673
1577,2,u,2,2,4,17,1.07232,0.307538
1578,2,u,2,2,5,18,1.07232,0.525
1579,2,u,2,2,6,19,1.07232,0.77824
1580,2,u,2,2,7,20,1.07232,1.05
1581,2,u,2,2,8,21,1.07232,1.32176
1582,2,u,2,2,9,22,1.07232,1.575
1583,2,u,2,2,10,23,1.07232,1.79246
1584,2,u,2,2,11,24,1.07232,1.95933
1585,2,u,2,2,12,25,1.07232,2.06422
1586,2,u,2,2,13,26,1.07232,2.1
1587,2,u,2,3,1,27,1.07497,0
1588,2,u,2,3,2,28,1.07497,0.0357779
1589,2,u,2,3,3,29,1.07497,0.140673
1590,2,u,2,3,4,30,1.07497,0.307538
1591,2,u,2,3,5,31,1.07497,0.525
1592,2,u,2,3,6,32,1.07497,0.77824
1593,2,u,2,3,7,33,1.07497,1.05
1594,2,u,2,3,8,34,1.07497,1.32176
1595,2,u,2,3,9,35,1.07497,1.575
1596,2,u,2,3,10,36,1.07497,1.79246
1597,2,u,2,3,11,37,1.07497,1.95933
1598,2,u,2,3,12,38,1.07497,2.06422
1599,2,u,2,3,13,39,1.07497,2.1
1600,2,u,2,4,1,40,1.07922,0
1601,2,u,2,4,2,41,1.07922,0.0357779
1602,2,u,2,4,3,42,1.07922,0.140673
1603,2,u,2,4,4,43,1.07922,0.307538
1604,2,u,2,4,5,44,1.07922,0.525
1605,2,u,2,4,6,45,1.07922,0.77824
1606,2,u,2,4,7,46,1.07922,1.05
1607,2,u,2,4,8,47,1.07922,1.32176
1608,2,u,2,4,9,48,1.07922,1.575
1609,2,u,2,4,10,49,1.07922,1.79246
1610,2,u,2,4,11,50,1.07922,1.95933
1611,2,u,2,4,12,51,1.07922,2.06422
1612,2,u,2,4,13,52,1.07922,2.1
1613,2,u,2,5,1,53,1.08488,0
1614,2,u,2,5,2,54,1.08488,0.0357779
1615,2,u,2,5,3,55,1.08488,0.140673
1616,2,u,2,5,4,56,1.08488,0.307538
1617,2,u,2,5,5,57,1.08488,0.525
1618,2,u,2,5,6,58,1.08488,0.77824
1619,2,u,2,5,7,59,1.08488,1.05
1620,2,u,2,5,8,60,1.08488,1.32176
1621,2,u,2,5,9,61,1.08488,1.575
1622,2,u,2,5,10,62,1.08488,1.79246
1623,2,u,2,5,11,63,1.08488,1.95933
1624,2,u,2,5,12,64,1.08488,2.06422
1625,2,u,2,5,13,65,1.08488,2.1
1626,2,u,2,6,1,66,1.09165,0
1627,2,u,2,6,2,67,1.09165,0.0357779
1628,2,u,2,6,3,68,1.09165,0.140673
1629,2,u,2,6,4,69,1.09165,0.307538
1630,2,u,2,6,5,70,1.09165,0.525
1631,2,u,2,6,6,71,1.09165,0.77824
1632,2,u,2,6,7,72,1.09165,1.05
1633,2,u,2,6,8,73,1.09165,1.32176
1634,2,u,2,6,9,74,1.09165,1.575
1635,2,u,2,6,10,75,1.09165,1.79246
1636,2,u,2,6,11,76,1.09165,1.95933
1637,2,u,2,6,12,77,1.09165,2.06422
1638,2,u,2,6,13,78,1.09165,2.1
1639,2,u,2,7,1,79,1.0992,0
1640,2,u,2,7,2,80,1.0992,0.0357779
1641,2,u,2,7,3,81,1.0992,0.140673
1642,2,u,2,7,4,82,1.0992,0.307538
1643,2,u,2,7,5,83,1.0992,0.525
1644,2,u,2,7,6,84,1.0992,0.77824
1645,2,u,2,7,7,85,1.0992,1.05
1646,2,u,2,7,8,86,1.0992,1.32176
1647,2,u,2,7,9,87,1.0992,1.575
1648,2,u,2,7,10,88,1.0992,1.79246
1649,2,u,2,7,11,89,1.0992,1.95933
1650,2,u,2,7,12,90,1.0992,2.06422
1651,2,u,2,7,13,91,1.0992,2.1
1652,2,u,2,8,1,92,1.10714,0
1653,2,u,2,8,2,93,1.10714,0.0357779
1654,2,u,2,8,3,94,1.10714,0.140673
1655,2,u,2,8,4,95,1.10714,0.307538
1656,2,u,2,8,5,96,1.10714,0.525
1657,2,u,2,8,6,97,1.10714,0.77824
1658,2,u,2,8,7,98,1.10714,1.05
1659,2,u,2,8,8,99,1.10714,1.32176
1660,2,u,2,8,9,100,1.10714,1.575
1661,2,u,2,8,10,101,1.10714,1.79246
1662,2,u,2,8,11,102,1.10714,1.95933
1663,2,u,2,8,12,103,1.10714,2.06422
1664,2,u,2,8,13,104,1.10714,2.1
1665,2,u,2,9,1,105,1.11509,0
1666,2,u,2,9,2,106,1.11509,0.0357779
1667,2,u,2,9,3,107,1.11509,0.140673
1668,2,u,2,9,4,108,1.11509,0.307538
1669,2,u,2,9,5,109,1.11509,0.525
1670,2,u,2,9,6,110,1.11509,0.77824
1671,2,u,2,9,7,111,1.11509,1.05
1672,2,u,2,9,8,112,1.11509,1.32176
1673,2,u,2,9,9,113,1.11509,1.575
1674,2,u,2,9,10,114,1.11509,1.79246
1675,2,u,2,9,11,115,1.11509,1.95933
1676,2,u,2,9,12,116,1.11509,2.06422
1677,2,u,2,9,13,117,1.11509,2.1
1678,2,u,2,10,1,118,1.12264,0
1679,2,u,2,10,2,119,1.12264,0.0357779
1680,2,u,2,10,3,120,1.12264,0.140673
1681,2,u,2,10,4,121,1.12264,0.307538
1682,2,u,2,10,5,122,1.12264,0.525
1683,2,u,2,10,6,123,1.12264,0.77824
1684,2,u,2,10,7,124,1.12264,1.05
1685,2,u,2,10,8,125,1.12264,1.32176
1686,2,u,2,10,9,126,1.12264,1.575
1687,2,u,2,10,10,127,1.12264,1.79246
1688,2,u,2,10,11,128,1.12264,1.95933
1689,2,u,2,10,12,129,1.12264,2.06422
1690,2,u,2,10,13,130,1.12264,2.1
1691,2,u,2,11,1,131,1.12941,0
1692,2,u,2,11,2,132,1.12941,0.0357779
1693,2,u,2,11,3,133,1.12941,0.140673
1694,2,u,2,11,4,134,1.12941,0.307538
1695,2,u,2,11,5,135,1.12941,0.525
1696,2,u,2,11,6,136,1.12941,0.77824
1697,2,u,2,11,7,137,1.12941,1.05
1698,2,u,2,11,8,138,1.12941,1.32176
1699,2,u,2,11,9,139,1.12941,1.575
1700,2,u,2,11,10,140,1.12941,1.79246
1701,2,u,2,11,11,141,1.12941,1.95933
1702,2,u,2,11,12,142,1.12941,2.06422
1703,2,u,2,11,13,143,1.12941,2.1
1704,2,u,2,12,1,144,1.13507,0
1705,2,u,2,12,2,145,1.13507,0.0357779
1706,2,u,2,12,3,146,1.13507,0.140673
1707,2,u,2,12,4,147,1.13507,0.307538
1708,2,u,2,12,5,148,1.13507,0.525
1709,2,u,2,12,6,149,1.13507,0.77824
1710,2,u,2,12,7,150,1.13507,1.05
1711,2,u,2,12,8,151,1.13507,1.32176
1712,2,u,2,12,9,152,1.13507,1.575
1713,2,u,2,12,10,153,1.13507,1.79246
1714,2,u,2,12,11,154,1.13507,1.95933
1715,2,u,2,12,12,155,1.13507,2.06422
1716,2,u,2,12,13,156,1.13507,2.1
1717,2,u,2,13,1,157,1.13932,0
1718,2,u,2,13,2,158,1.13932,0.0357779
1719,2,u,2,13,3,159,1.13932,0.140673
1720,2,u,2,13,4,160,1.13932,0.307538
1721,2,u,2,13,5,161,1.13932,0.525
1722,2,u,2,13,6,162,1.13932,0.77824
1723,2,u,2,13,7,163,1.13932,1.05
1724,2,u,2,13,8,164,1.13932,1.32176
1725,2,u,2,13,9,165,1.13932,1.575
1726,2,u,2,13,10,166,1.13932,1.79246
1727,2,u,2,13,11,167,1.13932,1.95933
1728,2,u,2,13,12,168,1.13932,2.06422
1729,2,u,2,13,13,169,1.13932,2.1
1730,2,u,2,14,1,170,1.14196,0
1731,2,u,2,14,2,171,1.14196,0.0357779
1732,2,u,2,14,3,172,1.14196,0.140673
1733,2,u,2,14,4,173,1.14196,0.307538
1734,2,u,2,14,5,174,1.14196,0.525
1735,2,u,2,14,6,175,1.14196,0.77824
1736,2,u,2,14,7,176,1.14196,1.05
1737,2,u,2,14,8,177,1.14196,1.32176
1738,2,u,2,14,9,178,1.14196,1.575
1739,2,u,2,14,10,179,1.14196,1.79246
1740,2,u,2,14,11,180,1.14196,1.95933
1741,2,u,2,14,12,181,1.14196,2.06422
1742,2,u,2,14,13,182,1.14196,2.1
1743,2,u,2,15,1,183,1.14286,0
1744,2,u,2,15,2,184,1.14286,0.0357779
1745,2,u,2,15,3,185,1.14286,0.140673
1746,2,u,2,15,4,186,1.14286,0.307538
1747,2,u,2,15,5,187,1.14286,0.525
1748,2,u,2,15,6,188,1.14286,0.77824
1749,2,u,2,15,7,189,1.14286,1.05
1750,2,u,2,15,8,190,1.14286,1.32176
1751,2,u,2,15,9,191,1.14286,1.575
1752,2,u,2,15,10,192,1.14286,1.79246
1753,2,u,2,15,11,193,1.14286,1.95933
1754,2,u,2,15,12,194,1.14286,2.06422
1755,2,u,2,15,13,195,1.14286,2.1
1756,2,u,3,1,1,1,1.14286,0
1757,2,u,3,1,2,2,1.14286,0.0357779
1758,2,u,3,1,3,3,1.14286,0.140673
1759,2,u,3,1,4,4,1.14286,0.307538
1760,2,u,3,1,5,5,1.14286,0.525
1761,2,u,3,1,6,6,1.14286,0.77824
1762,2,u,3,1,7,7,1.14286,1.05
1763,2,u,3,1,8,8,1.14286,1.32176
1764,2,u,3,1,9,9,1.14286,1.575
1765,2,u,3,1,10,10,1.14286,1.79246
1766,2,u,3,1,11,11,1.14286,1.95933
1767,2,u,3,1,12,12,1.14286,2.06422
1768,2,u,3,1,13,13,1.14286,2.1
1769,2,u,3,2,1,14,1.14375,0
1770,2,u,3,2,2,15,1.14375,0.0357779
1771,2,u,3,2,3,16,1.14375,0.140673
1772,2,u,3,2,4,17,1.14375,0.307538
1773,2,u,3,2,5,18,1.14375,0.525
1774,2,u,3,2,6,19,1.14375,0.77824
1775,2,u,3,2,7,20,1.14375,1.05
1776,2,u,3,2,8,21,1.14375,1.32176
1777,2,u,3,2,9,22,1.14375,1.575
1778,2,u,3,2,10,23,1.14375,1.79246
1779,2,u,3,2,11,24,1.14375,1.95933
1780,2,u,3,2,12,25,1.14375,2.06422
1781,2,u,3,2,13,26,1.14375,2.1
1782,2,u,3,3,1,27,1.14639,0
1783,2,u,3,3,2,28,1.14639,0.0357779
1784,2,u,3,3,3,29,1.14639,0.140673
1785,2,u,3,3,4,30,1.14639,0.307538
1786,2,u,3,3,5,31,1.14639,0.525
1787,2,u,3,3,6,32,1.14639,0.77824
1788,2,u,3,3,7,33,1.14639,1.05
1789,2,u,3,3,8,34,1.14639,1.32176
1790,2,u,3,3,9,35,1.14639,1.575
1791,2,u,3,3,10,36,1.14639,1.79246
1792,2,u,3,3,11,37,1.14639,1.95933
1793,2,u,3,3,12,38,1.14639,2.06422
1794,2,u,3,3,13,39,1.14639,2.1
1795,2,u,3,4,1,40,1.15065,0
1796,2,u,3,4,2,41,1.15065,0.0357779
1797,2,u,3,4,3,42,1.15065,0.140673
1798,2,u,3,4,4,43,1.15065,0.307538
1799,2,u,3,4,5,44,1.15065,0.525
1800,2,u,3,4,6,45,1.15065,0.77824
1801,2,u,3,4,7,46,1.15065,1.05
1802,2,u,3,4,8,47,1.15065,1.32176
1803,2,u,3,4,9,48,1.15065,1.575
1804,2,u,3,4,10,49,1.15065,1.79246
1805,2,u,3,4,11,50,1.15065,1.95933
1806,2,u,3,4,12,51,1.15065,2.06422
1807,2,u,3,4,13,52,1.15065,2.1
1808,2,u,3,5,1,53,1.1563,0
1809,2,u,3,5,2,54,1.1563,0.0357779
1810,2,u,3,5,3,55,1.1563,0.140673
1811,2,u,3,5,4,56,1.1563,0.307538
1812,2,u,3,5,5,57,1.1563,0.525
1813,2,u,3,5,6,58,1.1563,0.77824
1814,2,u,3,5,7,59,1.1563,1.05
1815,2,u,3,5,8,60,1.1563,1.32176
1816,2,u,3,5,9,61,1.1563,1.575
1817,2,u,3,5,10,62,1.1563,1.79246
1818,2,u,3,5,11,63,1.1563,1.95933
1819,2,u,3,5,12,64,1.1563,2.06422
1820,2,u,3,5,13,65,1.1563,2.1
1821,2,u,3,6,1,66,1.16308,0
1822,2,u,3,6,2,67,1.16308,0.0357779
1823,2,u,3,6,3,68,1.16308,0.140673
1824,2,u,3,6,4,69,1.16308,0.307538
1825,2,u,3,6,5,70,1.16308,0.525
1826,2,u,3,6,6,71,1.16308,0.77824
1827,2,u,3,6,7,72,1.16308,1.05
1828,2,u,3,6,8,73,1.16308,1.32176
1829,2,u,3,6,9,74,1.16308,1.575
1830,2,u,3,6,10,75,1.16308,1.79246
1831,2,u,3,6,11,76,1.16308,1.95933
1832,2,u,3,6,12,77,1.16308,2.06422
1833,2,u,3,6,13,78,1.16308,2.1
1834,2,u,3,7,1,79,1.17062,0
1835,2,u,3,7,2,80,1.17062,0.0357779
1836,2,u,3,7,3,81,1.17062,0.140673
1837,2,u,3,7,4,82,1.17062,0.307538
1838,2,u,3,7,5,83,1.17062,0.525
1839,2,u,3,7,6,84,1.17062,0.77824
1840,2,u,3,7,7,85,1.17062,1.05
1841,2,u,3,7,8,86,1.17062,1.32176
1842,2,u,3,7,9,87,1.17062,1.575
1843,2,u,3,7,10,88,1.17062,1.79246
1844,2,u,3,7,11,89,1.17062,1.95933
1845,2,u,3,7,12,90,1.17062,2.06422
1846,2,u,3,7,13,91,1.17062,2.1
1847,2,u,3,8,1,92,1.17857,0
1848,2,u,3,8,2,93,1.17857,0.0357779
1849,2,u,3,8,3,94,1.17857,0.140673
1850,2,u,3,8,4,95,1.17857,0.307538
1851,2,u,3,8,5,96,1.17857,0.525
1852,2,u,3,8,6,97,1.17857,0.77824
1853,2,u,3,8,7,98,1.17857,1.05
1854,2,u,3,8,8,99,1.17857,1.32176
1855,2,u,3,8,9,100,1.17857,1.575
1856,2,u,3,8,10,101,1.17857,1.79246
1857,2,u,3,8,11,102,1.17857,1.95933
1858,2,u,3,8,12,103,1.17857,2.06422
1859,2,u,3,8,13,104,1.17857,2.1
1860,2,u,3,9,1,105,1.18652,0
1861,2,u,3,9,2,106,1.18652,0.0357779
1862,2,u,3,9,3,107,1.18652,0.140673
1863,2,u,3,9,4,108,1.18652,0.307538
1864,2,u,3,9,5,109,1.18652,0.525
1865,2,u,3,9,6,110,1.18652,0.77824
1866,2,u,3,9,7,111,1.18652,1.05
1867,2,u,3,9,8,112,1.18652,1.32176
1868,2,u,3,9,9,113,1.18652,1.575
1869,2,u,3,9,10,114,1.18652,1.79246
1870,2,u,3,9,11,115,1.18652,1.95933
1871,2,u,3,9,12,116,1.18652,2.06422
1872,2,u,3,9,13,117,1.18652,2.1
1873,2,u,3,10,1,118,1.19407,0
1874,2,u,3,10,2,119,1.19407,0.0357779
1875,2,u,3,10,3,120,1.19407,0.140673
1876,2,u,3,10,4,121,1.19407,0.307538
1877,2,u,3,10,5,122,1.19407,0.525
1878,2,u,3,10,6,123,1.19407,0.77824
1879,2,u,3,10,7,124,1.19407,1.05
1880,2,u,3,10,8,125,1.19407,1.32176
1881,2,u,3,10,9,126,1.19407,1.575
1882,2,u,3,10,10,127,1.19407,1.79246
1883,2,u,3,10,11,128,1.19407,1.95933
1884,2,u,3,10,12,129,1.19407,2.06422
1885,2,u,3,10,13,130,1.19407,2.1
1886,2,u,3,11,1,131,1.20084,0
1887,2,u,3,11,2,132,1.20084,0.0357779
1888,2,u,3,11,3,133,1.20084,0.140673
1889,2,u,3,11,4,134,1.20084,0.307538
1890,2,u,3,11,5,135,1.20084,0.525
1891,2,u,3,11,6,136,1.20084,0.77824
1892,2,u,3,11,7,137,1.20084,1.05
1893,2,u,3,11,8,138,1.20084,1.32176
1894,2,u,3,11,9,139,1.20084,1.575
1895,2,u,3,11,10,140,1.20084,1.79246
1896,2,u,3,11,11,141,1.20084,1.95933
1897,2,u,3,11,12,142,1.20084,2.06422
1898,2,u,3,11,13,143,1.20084,2.1
1899,2,u,3,12,1,144,1.20649,0
1900,2,u,3,12,2,145,1.20649,0.0357779
1901,2,u,3,12,3,146,1.20649,0.140673
1902,2,u,3,12,4,147,1.20649,0.307538
1903,2,u,3,12,5,148,1.20649,0.525
1904,2,u,3,12,6,149,1.20649,0.77824
1905,2,u,3,12,7,150,1.20649,1.05
1906,2,u,3,12,8,151,1.20649,1.32176
1907,2,u,3,12,9,152,1.20649,1.575
1908,2,u,3,12,10,153,1.20649,1.79246
1909,2,u,3,12,11,154,1.20649,1.95933
1910,2,u,3,12,12,155,1.20649,2.06422
1911,2,u,3,12,13,156,1.20649,2.1
1912,2,u,3,13,1,157,1.21075,0
1913,2,u,3,13,2,158,1.21075,0.0357779
1914,2,u,3,13,3,159,1.21075,0.140673
1915,2,u,3,13,4,160,1.21075,0.307538
1916,2,u,3,13,5,161,1.21075,0.525
1917,2,u,3,13,6,162,1.21075,0.77824
1918,2,u,3,13,7,163,1.21075,1.05
1919,2,u,3,13,8,164,1.21075,1.32176
1920,2,u,3,13,9,165,1.21075,1.575
1921,2,u,3,13,10,166,1.21075,1.79246
1922,2,u,3,13,11,167,1.21075,1.95933
1923,2,u,3,13,12,168,1.21075,2.06422
1924,2,u,3,13,13,169,1.21075,2.1
1925,2,u,3,14,1,170,1.21339,0
1926,2,u,3,14,2,171,1.21339,0.0357779
1927,2,u,3,14,3,172,1.21339,0.140673
1928,2,u,3,14,4,173,1.21339,0.307538
1929,2,u,3,14,5,174,1.21339,0.525
1930,2,u,3,14,6,175,1.21339,0.77824
1931,2,u,3,14,7,176,1.21339,1.05
1932,2,u,3,14,8,177,1.21339,1.32176
1933,2,u,3,14,9,178,1.21339,1.575
1934,2,u,3,14,10,179,1.21339,1.79246
1935,2,u,3,14,11,180,1.21339,1.95933
1936,2,u,3,14,12,181,1.21339,2.06422
1937,2,u,3,14,13,182,1.21339,2.1
1938,2,u,3,15,1,183,1.21429,0
1939,2,u,3,15,2,184,1.21429,0.0357779
1940,2,u,3,15,3,185,1.21429,0.140673
1941,2,u,3,15,4,186,1.21429,0.307538
1942,2,u,3,15,5,187,1.21429,0.525
1943,2,u,3,15,6,188,1.21429,0.77824
1944,2,u,3,15,7,189,1.21429,1.05
1945,2,u,3,15,8,190,1.21429,1.32176
1946,2,u,3,15,9,191,1.21429,1.575
1947,2,u,3,15,10,192,1.21429,1.79246
1948,2,u,3,15,11,193,1.21429,1.95933
1949,2,u,3,15,12,194,1.21429,2.06422
1950,2,u,3,15,13,195,1.21429,2.1
1951,2,u,4,1,1,1,1.21429,0
1952,2,u,4,1,2,2,1.21429,0.0357779
1953,2,u,4,1,3,3,1.21429,0.140673
1954,2,u,4,1,4,4,1.21429,0.307538
1955,2,u,4,1,5,5,1.21429,0.525
1956,2,u,4,1,6,6,1.21429,0.77824
1957,2,u,4,1,7,7,1.21429,1.05
1958,2,u,4,1,8,8,1.21429,1.32176
1959,2,u,4,1,9,9,1.21429,1.575
1960,2,u,4,1,10,10,1.21429,1.79246
1961,2,u,4,1,11,11,1.21429,1.95933
1962,2,u,4,1,12,12,1.21429,2.06422
1963,2,u,4,1,13,13,1.21429,2.1
1964,2,u,4,2,1,14,1.21518,0
1965,2,u,4,2,2,15,1.21518,0.0357779
1966,2,u,4,2,3,16,1.21518,0.140673
1967,2,u,4,2,4,17,1.21518,0.307538
1968,2,u,4,2,5,18,1.21518,0.525
1969,2,u,4,2,6,19,1.21518,0.77824
1970,2,u,4,2,7,20,1.21518,1.05
1971,2,u,4,2,8,21,1.21518,1.32176
1972,2,u,4,2,9,22,1.21518,1.575
1973,2,u,4,2,10,23,1.21518,1.79246
1974,2,u,4,2,11,24,1.21518,1.95933
1975,2,u,4,2,12,25,1.21518,2.06422
1976,2,u,4,2,13,26,1.21518,2.1
1977,2,u,4,3,1,27,1.21782,0
1978,2,u,4,3,2,28,1.21782,0.0357779
1979,2,u,4,3,3,29,1.21782,0.140673
1980,2,u,4,3,4,30,1.21782,0.307538
1981,2,u,4,3,5,31,1.21782,0.525
1982,2,u,4,3,6,32,1.21782,0.77824
1983,2,u,4,3,7,33,1.21782,1.05
1984,2,u,4,3,8,34,1.21782,1.32176
1985,2,u,4,3,9,35,1.21782,1.575
1986,2,u,4,3,10,36,1.21782,1.79246
1987,2,u,4,3,11,37,1.21782,1.95933
1988,2,u,4,3,12,38,1.21782,2.06422
1989,2,u,4,3,13,39,1.21782,2.1
1990,2,u,4,4,1,40,1.22208,0
1991,2,u,4,4,2,41,1.22208,0.0357779
1992,2,u,4,4,3,42,1.22208,0.140673
1993,2,u,4,4,4,43,1.22208,0.307538
1994,2,u,4,4,5,44,1.22208,0.525
1995,2,u,4,4,6,45,1.22208,0.77824
1996,2,u,4,4,7,46,1.22208,1.05
1997,2,u,4,4,8,47,1.22208,1.32176
1998,2,u,4,4,9,48,1.22208,1.575
1999,2,u,4,4,10,49,1.22208,1.79246
2000,2,u,4,4,11,50,1.22208,1.95933
2001,2,u,4,4,12,51,1.22208,2.06422
2002,2,u,4,4,13,52,1.22208,2.1
2003,2,u,4,5,1,53,1.22773,0
2004,2,u,4,5,2,54,1.22773,0.0357779
2005,2,u,4,5,3,55,1.22773,0.140673
2006,2,u,4,5,4,56,1.22773,0.307538
2007,2,u,4,5,5,57,1.22773,0.525
2008,2,u,4,5,6,58,1.22773,0.77824
2009,2,u,4,5,7,59,1.22773,1.05
2010,2,u,4,5,8,60,1.22773,1.32176
2011,2,u,4,5,9,61,1.22773,1.575
2012,2,u,4,5,10,62,1.22773,1.79246
2013,2,u,4,5,11,63,1.22773,1.95933
2014,2,u,4,5,12,64,1.22773,2.06422
2015,2,u,4,5,13,65,1.22773,2.1
2016,2,u,4,6,1,66,1.2345,0
2017,2,u,4,6,2,67,1.2345,0.0357779
2018,2,u,4,6,3,68,1.2345,0.140673
2019,2,u,4,6,4,69,1.2345,0.307538
2020,2,u,4,6,5,70,1.2345,0.525
2021,2,u,4,6,6,71,1.2345,0.77824
2022,2,u,4,6,7,72,1.2345,1.05
2023,2,u,4,6,8,73,1.2345,1.32176
2024,2,u,4,6,9,74,1.2345,1.575
2025,2,u,4,6,10,75,1.2345,1.79246
2026,2,u,4,6,11,76,1.2345,1.95933
2027,2,u,4,6,12,77,1.2345,2.06422
2028,2,u,4,6,13,78,1.2345,2.1
2029,2,u,4,7,1,79,1.24205,0
2030,2,u,4,7,2,80,1.24205,0.0357779
2031,2,u,4,7,3,81,1.24205,0.140673
2032,2,u,4,7,4,82,1.24205,0.307538
2033,2,u,4,7,5,83,1.24205,0.525
2034,2,u,4,7,6,84,1.24205,0.77824
2035,2,u,4,7,7,85,1.24205,1.05
2036,2,u,4,7,8,86,1.24205,1.32176
2037,2,u,4,7,9,87,1.24205,1.575
2038,2,u,4,7,10,88,1.24205,1.79246
2039,2,u,4,7,11,89,1.24205,1.95933
2040,2,u,4,7,12,90,1.24205,2.06422
2041,2,u,4,7,13,91,1.24205,2.1
2042,2,u,4,8,1,92,1.25,0
2043,2,u,4,8,2,93,1.25,0.0357779
2044,2,u,4,8,3,94,1.25,0.140673
2045,2,u,4,8,4,95,1.25,0.307538
2046,2,u,4,8,5,96,1.25,0.525
2047,2,u,4,8,6,97,1.25,0.77824
2048,2,u,4,8,7,98,1.25,1.05
2049,2,u,4,8,8,99,1.25,1.32176
2050,2,u,4,8,9,100,1.25,1.575
2051,2,u,4,8,10,101,1.25,1.79246
2052,2,u,4,8,11,102,1.25,1.95933
2053,2,u,4,8,12,103,1.25,2.06422
2054,2,u,4,8,13,104,1.25,2.1
2055,2,u,4,9,1,105,1.25795,0
2056,2,u,4,9,2,106,1.25795,0.0357779
2057,2,u,4,9,3,107,1.25795,0.140673
2058,2,u,4,9,4,108,1.25795,0.307538
2059,2,u,4,9,5,109,1.25795,0.525
2060,2,u,4,9,6,110,1.25795,0.77824
2061,2,u,4,9,7,111,1.25795,1.05
2062,2,u,4,9,8,112,1.25795,1.32176
2063,2,u,4,9,9,113,1.25795,1.575
2064,2,u,4,9,10,114,1.25795,1.79246
2065,2,u,4,9,11,115,1.25795,1.95933
2066,2,u,4,9,12,116,1.25795,2.06422
2067,2,u,4,9,13,117,1.25795,2.1
2068,2,u,4,10,1,118,1.2655,0
2069,2,u,4,10,2,119,1.2655,0.0357779
2070,2,u,4,10,3,120,1.2655,0.140673
2071,2,u,4,10,4,121,1.2655,0.307538
2072,2,u,4,10,5,122,1.2655,0.525
2073,2,u,4,10,6,123,1.2655,0.77824
2074,2,u,4,10,7,124,1.2655,1.05
2075,2,u,4,10,8,125,1.2655,1.32176
2076,2,u,4,10,9,126,1.2655,1.575
2077,2,u,4,10,10,127,1.2655,1.79246
2078,2,u,4,10,11,128,1.2655,1.95933
2079,2,u,4,10,12,129,1.2655,2.06422
2080,2,u,4,10,13,130,1.2655,2.1
2081,2,u,4,11,1,131,1.27227,0
2082,2,u,4,11,2,132,1.27227,0.0357779
2083,2,u,4,11,3,133,1.27227,0.140673
2084,2,u,4,11,4,134,1.27227,0.307538
2085,2,u,4,11,5,135,1.27227,0.525
2086,2,u,4,11,6,136,1.27227,0.77824
2087,2,u,4,11,7,137,1.27227,1.05
2088,2,u,4,11,8,138,1.27227,1.32176
2089,2,u,4,11,9,139,1.27227,1.575
2090,2,u,4,11,10,140,1.27227,1.79246
2091,2,u,4,11,11,141,1.27227,1.95933
2092,2,u,4,11,12,142,1.27227,2.06422
2093,2,u,4,11,13,143,1.27227,2.1
2094,2,u,4,12,1,144,1.27792,0
2095,2,u,4,12,2,145,1.27792,0.0357779
2096,2,u,4,12,3,146,1.27792,0.140673
2097,2,u,4,12,4,147,1.27792,0.307538
2098,2,u,4,12,5,148,1.27792,0.525
2099,2,u,4,12,6,149,1.27792,0.77824
2100,2,u,4,12,7,150,1.27792,1.05
2101,2,u,4,12,8,151,1.27792,1.32176
2102,2,u,4,12,9,152,1.27792,1.575
2103,2,u,4,12,10,153,1.27792,1.79246
2104,2,u,4,12,11,154,1.27792,1.95933
2105,2,u,4,12,12,155,1.27792,2.06422
2106,2,u,4,12,13,156,1.27792,2.1
2107,2,u,4,13,1,157,1.28218,0
2108,2,u,4,13,2,158,1.28218,0.0357779
2109,2,u,4,13,3,159,1.28218,0.140673
2110,2,u,4,13,4,160,1.28218,0.307538
2111,2,u,4,13,5,161,1.28218,0.525
2112,2,u,4,13,6,162,1.28218,0.77824
2113,2,u,4,13,7,163,1.28218,1.05
2114,2,u,4,13,8,164,1.28218,1.32176
2115,2,u,4,13,9,165,1.28218,1.575
2116,2,u,4,13,10,166,1.28218,1.79246
2117,2,u,4,13,11,167,1.28218,1.95933
2118,2,u,4,13,12,168,1.28218,2.06422
2119,2,u,4,13,13,169,1.28218,2.1
2120,2,u,4,14,1,170,1.28482,0
2121,2,u,4,14,2,171,1.28482,0.0357779
2122,2,u,4,14,3,172,1.28482,0.140673
2123,2,u,4,14,4,173,1.28482,0.307538
2124,2,u,4,14,5,174,1.28482,0.525
2125,2,u,4,14,6,175,1.28482,0.77824
2126,2,u,4,14,7,176,1.28482,1.05
2127,2,u,4,14,8,177,1.28482,1.32176
2128,2,u,4,14,9,178,1.28482,1.575
2129,2,u,4,14,10,179,1.28482,1.79246
2130,2,u,4,14,11,180,1.28482,1.95933
2131,2,u,4,14,12,181,1.28482,2.06422
2132,2,u,4,14,13,182,1.28482,2.1
2133,2,u,4,15,1,183,1.28571,0
2134,2,u,4,15,2,184,1.28571,0.0357779
2135,2,u,4,15,3,185,1.28571,0.140673
2136,2,u,4,15,4,186,1.28571,0.307538
2137,2,u,4,15,5,187,1.28571,0.525
2138,2,u,4,15,6,188,1.28571,0.77824
2139,2,u,4,15,7,189,1.28571,1.05
2140,2,u,4,15,8,190,1.28571,1.32176
2141,2,u,4,15,9,191,1.28571,1.575
2142,2,u,4,15,10,192,1.28571,1.79246
2143,2,u,4,15,11,193,1.28571,1.95933
2144,2,u,4,15,12,194,1.28571,2.06422
2145,2,u,4,15,13,195,1.28571,2.1
2146,2,u,5,1,1,1,1.28571,0
2147,2,u,5,1,2,2,1.28571,0.0357779
2148,2,u,5,1,3,3,1.28571,0.140673
2149,2,u,5,1,4,4,1.28571,0.307538
2150,2,u,5,1,5,5,1.28571,0.525
2151,2,u,5,1,6,6,1.28571,0.77824
2152,2,u,5,1,7,7,1.28571,1.05
2153,2,u,5,1,8,8,1.28571,1.32176
2154,2,u,5,1,9,9,1.28571,1.575
2155,2,u,5,1,10,10,1.28571,1.79246
2156,2,u,5,1,11,11,1.28571,1.95933
2157,2,u,5,1,12,12,1.28571,2.06422
2158,2,u,5,1,13,13,1.28571,2.1
2159,2,u,5,2,1,14,1.28661,0
2160,2,u,5,2,2,15,1.28661,0.0357779
2161,2,u,5,2,3,16,1.28661,0.140673
2162,2,u,5,2,4,17,1.28661,0.307538
2163,2,u,5,2,5,18,1.28661,0.525
2164,2,u,5,2,6,19,1.28661,0.77824
2165,2,u,5,2,7,20,1.28661,1.05
2166,2,u,5,2,8,21,1.28661,1.32176
2167,2,u,5,2,9,22,1.28661,1.575
2168,2,u,5,2,10,23,1.28661,1.79246
2169,2,u,5,2,11,24,1.28661,1.95933
2170,2,u,5,2,12,25,1.28661,2.06422
2171,2,u,5,2,13,26,1.28661,2.1
2172,2,u,5,3,1,27,1.28925,0
2173,2,u,5,3,2,28,1.28925,0.0357779
2174,2,u,5,3,3,29,1.28925,0.140673
2175,2,u,5,3,4,30,1.28925,0.307538
2176,2,u,5,3,5,31,1.28925,0.525
2177,2,u,5,3,6,32,1.28925,0.77824
2178,2,u,5,3,7,33,1.28925,1.05
2179,2,u,5,3,8,34,1.28925,1.32176
2180,2,u,5,3,9,35,1.28925,1.575
2181,2,u,5,3,10,36,1.28925,1.79246
2182,2,u,5,3,11,37,1.28925,1.95933
2183,2,u,5,3,12,38,1.28925,2.06422
2184,2,u,5,3,13,39,1.28925,2.1
2185,2,u,5,4,1,40,1.29351,0
2186,2,u,5,4,2,41,1.29351,0.0357779
2187,2,u,5,4,3,42,1.29351,0.140673
2188,2,u,5,4,4,43,1.29351,0.307538
2189,2,u,5,4,5,44,1.29351,0.525
2190,2,u,5,4,6,45,1.29351,0.77824
2191,2,u,5,4,7,46,1.29351,1.05
2192,2,u,5,4,8,47,1.29351,1.32176
2193,2,u,5,4,9,48,1.29351,1.575
2194,2,u,5,4,10,49,1.29351,1.79246
2195,2,u,5,4,11,50,1.29351,1.95933
2196,2,u,5,4,12,51,1.29351,2.06422
2197,2,u,5,4,13,52,1.29351,2.1
2198,2,u,5,5,1,53,1.29916,0
2199,2,u,5,5,2,54,1.29916,0.0357779
2200,2,u,5,5,3,55,1.29916,0.140673
2201,2,u,5,5,4,56,1.29916,0.307538
2202,2,u,5,5,5,57,1.29916,0.525
2203,2,u,5,5,6,58,1.29916,0.77824
2204,2,u,5,5,7,59,1.29916,1.05
2205,2,u,5,5,8,60,1.29916,1.32176
2206,2,u,5,5,9,61,1.29916,1.575
2207,2,u,5,5,10,62,1.29916,1.79246
2208,2,u,5,5,11,63,1.29916,1.95933
2209,2,u,5,5,12,64,1.29916,2.06422
2210,2,u,5,5,13,65,1.29916,2.1
2211,2,u,5,6,1,66,1.30593,0
2212,2,u,5,6,2,67,1.30593,0.0357779
2213,2,u,5,6,3,68,1.30593,0.140673
2214,2,u,5,6,4,69,1.30593,0.307538
2215,2,u,5,6,5,70,1.30593,0.525
2216,2,u,5,6,6,71,1.30593,0.77824
2217,2,u,5,6,7,72,1.30593,1.05
2218,2,u,5,6,8,73,1.30593,1.32176
2219,2,u,5,6,9,74,1.30593,1.575
2220,2,u,5,6,10,75,1.30593,1.79246
2221,2,u,5,6,11,76,1.30593,1.95933
2222,2,u,5,6,12,77,1.30593,2.06422
2223,2,u,5,6,13,78,1.30593,2.1
2224,2,u,5,7,1,79,1.31348,0
2225,2,u,5,7,2,80,1.31348,0.0357779
2226,2,u,5,7,3,81,1.31348,0.140673
2227,2,u,5,7,4,82,1.31348,0.307538
2228,2,u,5,7,5,83,1.31348,0.525
2229,2,u,5,7,6,84,1.31348,0.77824
2230,2,u,5,7,7,85,1.31348,1.05
2231,2,u,5,7,8,86,1.31348,1.32176
2232,2,u,5,7,9,87,1.31348,1.575
2233,2,u,5,7,10,88,1.31348,1.79246
2234,2,u,5,7,11,89,1.31348,1.95933
2235,2,u,5,7,12,90,1.31348,2.06422
2236,2,u,5,7,13,91,1.31348,2.1
2237,2,u,5,8,1,92,1.32143,0
2238,2,u,5,8,2,93,1.32143,0.0357779
2239,2,u,5,8,3,94,1.32143,0.140673
2240,2,u,5,8,4,95,1.32143,0.307538
2241,2,u,5,8,5,96,1.32143,0.525
2242,2,u,5,8,6,97,1.32143,0.77824
2243,2,u,5,8,7,98,1.32143,1.05
2244,2,u,5,8,8,99,1.32143,1.32176
2245,2,u,5,8,9,100,1.32143,1.575
2246,2,u,5,8,10,101,1.32143,1.79246
2247,2,u,5,8,11,102,1.32143,1.95933
2248,2,u,5,8,12,103,1.32143,2.06422
2249,2,u,5,8,13,104,1.32143,2.1
2250,2,u,5,9,1,105,1.32938,0
2251,2,u,5,9,2,106,1.32938,0.0357779
2252,2,u,5,9,3,107,1.32938,0.140673
2253,2,u,5,9,4,108,1.32938,0.307538
2254,2,u,5,9,5,109,1.32938,0.525
2255,2,u,5,9,6,110,1.32938,0.77824
2256,2,u,5,9,7,111,1.32938,1.05
2257,2,u,5,9,8,112,1.32938,1.32176
2258,2,u,5,9,9,113,1.32938,1.575
2259,2,u,5,9,10,114,1.32938,1.79246
2260,2,u,5,9,11,115,1.32938,1.95933
2261,2,u,5,9,12,116,1.32938,2.06422
2262,2,u,5,9,13,117,1.32938,2.1
2263,2,u,5,10,1,118,1.33692,0
2264,2,u,5,10,2,119,1.33692,0.0357779
2265,2,u,5,10,3,120,1.33692,0.140673
2266,2,u,5,10,4,121,1.33692,0.307538
2267,2,u,5,10,5,122,1.33692,0.525
2268,2,u,5,10,6,123,1.33692,0.77824
2269,2,u,5,10,7,124,1.33692,1.05
2270,2,u,5,10,8,125,1.33692,1.32176
2271,2,u,5,10,9,126,1.33692,1.575
2272,2,u,5,10,10,127,1.33692,1.79246
2273,2,u,5,10,11,128,1.33692,1.95933
2274,2,u,5,10,12,129,1.33692,2.06422
2275,2,u,5,10,13,130,1.33692,2.1
2276,2,u,5,11,1,131,1.3437,0
2277,2,u,5,11,2,132,1.3437,0.0357779
2278,2,u,5,11,3,133,1.3437,0.140673
2279,2,u,5,11,4,134,1.3437,0.307538
2280,2,u,5,11,5,135,1.3437,0.525
2281,2,u,5,11,6,136,1.3437,0.77824
2282,2,u,5,11,7,137,1.3437,1.05
2283,2,u,5,11,8,138,1.3437,1.32176
2284,2,u,5,11,9,139,1.3437,1.575
2285,2,u,5,11,10,140,1.3437,1.79246
2286,2,u,5,11,11,141,1.3437,1.95933
2287,2,u,5,11,12,142,1.3437,2.06422
2288,2,u,5,11,13,143,1.3437,2.1
2289,2,u,5,12,1,144,1.34935,0
2290,2,u,5,12,2,145,1.34935,0.0357779
2291,2,u,5,12,3,146,1.34935,0.140673
2292,2,u,5,12,4,147,1.34935,0.307538
2293,2,u,5,12,5,148,1.34935,0.525
2294,2,u,5,12,6,149,1.34935,0.77824
2295,2,u,5,12,7,150,1.34935,1.05
2296,2,u,5,12,8,151,1.34935,1.32176
2297,2,u,5,12,9,152,1.34935,1.575
2298,2,u,5,12,10,153,1.34935,1.79246
2299,2,u,5,12,11,154,1.34935,1.95933
2300,2,u,5,12,12,155,1.34935,2.06422
2301,2,u,5,12,13,156,1.34935,2.1
2302,2,u,5,13,1,157,1.35361,0
2303,2,u,5,13,2,158,1.35361,0.0357779
2304,2,u,5,13,3,159,1.35361,0.140673
2305,2,u,5,13,4,160,1.35361,0.307538
2306,2,u,5,13,5,161,1.35361,0.525
2307,2,u,5,13,6,162,1.35361,0.77824
2308,2,u,5,13,7,163,1.35361,1.05
2309,2,u,5,13,8,164,1.35361,1.32176
2310,2,u,5,13,9,165,1.35361,1.575
2311,2,u,5,13,10,166,1.35361,1.79246
2312,2,u,5,13,11,167,1.35361,1.95933
2313,2,u,5,13,12,168,1.35361,2.06422
2314,2,u,5,13,13,169,1.35361,2.1
2315,2,u,5,14,1,170,1.35625,0
2316,2,u,5,14,2,171,1.35625,0.0357779
2317,2,u,5,14,3,172,1.35625,0.140673
2318,2,u,5,14,4,173,1.35625,0.307538
2319,2,u,5,14,5,174,1.35625,0.525
2320,2,u,5,14,6,175,1.35625,0.77824
2321,2,u,5,14,7,176,1.35625,1.05
2322,2,u,5,14,8,177,1.35625,1.32176
2323,2,u,5,14,9,178,1.35625,1.575
2324,2,u,5,14,10,179,1.35625,1.79246
2325,2,u,5,14,11,180,1.35625,1.95933
2326,2,u,5,14,12,181,1.35625,2.06422
2327,2,u,5,14,13,182,1.35625,2.1
2328,2,u,5,15,1,183,1.35714,0
2329,2,u,5,15,2,184,1.35714,0.0357779
2330,2,u,5,15,3,185,1.35714,0.140673
2331,2,u,5,15,4,186,1.35714,0.307538
2332,2,u,5,15,5,187,1.35714,0.525
2333,2,u,5,15,6,188,1.35714,0.77824
2334,2,u,5,15,7,189,1.35714,1.05
2335,2,u,5,15,8,190,1.35714,1.32176
2336,2,u,5,15,9,191,1.35714,1.575
2337,2,u,5,15,10,192,1.35714,1.79246
2338,2,u,5,15,11,193,1.35714,1.95933
2339,2,u,5,15,12,194,1.35714,2.06422
2340,2,u,5,15,13,195,1.35714,2.1
2341,2,u,6,1,1,1,1.35714,0
2342,2,u,6,1,2,2,1.35714,0.0357779
2343,2,u,6,1,3,3,1.35714,0.140673
2344,2,u,6,1,4,4,1.35714,0.307538
2345,2,u,6,1,5,5,1.35714,0.525
2346,2,u,6,1,6,6,1.35714,0.77824
2347,2,u,6,1,7,7,1.35714,1.05
2348,2,u,6,1,8,8,1.35714,1.32176
2349,2,u,6,1,9,9,1.35714,1.575
2350,2,u,6,1,10,10,1.35714,1.79246
2351,2,u,6,1,11,11,1.35714,1.95933
2352,2,u,6,1,12,12,1.35714,2.06422
2353,2,u,6,1,13,13,1.35714,2.1
2354,2,u,6,2,1,14,1.35804,0
2355,2,u,6,2,2,15,1.35804,0.0357779
2356,2,u,6,2,3,16,1.35804,0.140673
2357,2,u,6,2,4,17,1.35804,0.307538
2358,2,u,6,2,5,18,1.35804,0.525
2359,2,u,6,2,6,19,1.35804,0.77824
2360,2,u,6,2,7,20,1.35804,1.05
2361,2,u,6,2,8,21,1.35804,1.32176
2362,2,u,6,2,9,22,1.35804,1.575
2363,2,u,6,2,10,23,1.35804,1.79246
2364,2,u,6,2,11,24,1.35804,1.95933
2365,2,u,6,2,12,25,1.35804,2.06422
2366,2,u,6,2,13,26,1.35804,2.1
2367,2,u,6,3,1,27,1.36068,0
2368,2,u,6,3,2,28,1.36068,0.0357779
2369,2,u,6,3,3,29,1.36068,0.140673
2370,2,u,6,3,4,30,1.36068,0.307538
2371,2,u,6,3,5,31,1.36068,0.525
2372,2,u,6,3,6,32,1.36068,0.77824
2373,2,u,6,3,7,33,1.36068,1.05
2374,2,u,6,3,8,34,1.36068,1.32176
2375,2,u,6,3,9,35,1.36068,1.575
2376,2,u,6,3,10,36,1.36068,1.79246
2377,2,u,6,3,11,37,1.36068,1.95933
2378,2,u,6,3,12,38,1.36068,2.06422
2379,2,u,6,3,13,39,1.36068,2.1
2380,2,u,6,4,1,40,1.36493,0
2381,2,u,6,4,2,41,1.36493,0.0357779
2382,2,u,6,4,3,42,1.36493,0.140673
2383,2,u,6,4,4,43,1.36493,0.307538
2384,2,u,6,4,5,44,1.36493,0.525
2385,2,u,6,4,6,45,1.36493,0.77824
2386,2,u,6,4,7,46,1.36493,1.05
2387,2,u,6,4,8,47,1.36493,1.32176
2388,2,u,6,4,9,48,1.36493,1.575
2389,2,u,6,4,10,49,1.36493,1.79246
2390,2,u,6,4,11,50,1.36493,1.95933
2391,2,u,6,4,12,51,1.36493,2.06422
2392,2,u,6,4,13,52,1.36493,2.1
2393,2,u,6,5,1,53,1.37059,0
2394,2,u,6,5,2,54,1.37059,0.0357779
2395,2,u,6,5,3,55,1.37059,0.140673
2396,2,u,6,5,4,56,1.37059,0.307538
2397,2,u,6,5,5,57,1.37059,0.525
2398,2,u,6,5,6,58,1.37059,0.77824
2399,2,u,6,5,7,59,1.37059,1.05
2400,2,u,6,5,8,60,1.37059,1.32176
2401,2,u,6,5,9,61,1.37059,1.575
2402,2,u,6,5,10,62,1.37059,1.79246
2403,2,u,6,5,11,63,1.37059,1.95933
2404,2,u,6,5,12,64,1.37059,2.06422
2405,2,u,6,5,13,65,1.37059,2.1
2406,2,u,6,6,1,66,1.37736,0
2407,2,u,6,6,2,67,1.37736,0.0357779
2408,2,u,6,6,3,68,1.37736,0.140673
2409,2,u,6,6,4,69,1.37736,0.307538
2410,2,u,6,6,5,70,1.37736,0.525
2411,2,u,6,6,6,71,1.37736,0.77824
2412,2,u,6,6,7,72,1.37736,1.05
2413,2,u,6,6,8,73,1.37736,1.32176
2414,2,u,6,6,9,74,1.37736,1.575
2415,2,u,6,6,10,75,1.37736,1.79246
2416,2,u,6,6,11,76,1.37736,1.95933
2417,2,u,6,6,12,77,1.37736,2.06422
2418,2,u,6,6,13,78,1.37736,2.1
2419,2,u,6,7,1,79,1.38491,0
2420,2,u,6,7,2,80,1.38491,0.0357779
2421,2,u,6,7,3,81,1.38491,0.140673
2422,2,u,6,7,4,82,1.38491,0.307538
2423,2,u,6,7,5,83,1.38491,0.525
2424,2,u,6,7,6,84,1.38491,0.77824
2425,2,u,6,7,7,85,1.38491,1.05
2426,2,u,6,7,8,86,1.38491,1.32176
2427,2,u,6,7,9,87,1.38491,1.575
2428,2,u,6,7,10,88,1.38491,1.79246
2429,2,u,6,7,11,89,1.38491,1.95933
2430,2,u,6,7,12,90,1.38491,2.06422
2431,2,u,6,7,13,91,1.38491,2.1
2432,2,u,6,8,1,92,1.39286,0
2433,2,u,6,8,2,93,1.39286,0.0357779
2434,2,u,6,8,3,94,1.39286,0.140673
2435,2,u,6,8,4,95,1.39286,0.307538
2436,2,u,6,8,5,96,1.39286,0.525
2437,2,u,6,8,6,97,1.39286,0.77824
2438,2,u,6,8,7,98,1.39286,1.05
2439,2,u,6,8,8,99,1.39286,1.32176
2440,2,u,6,8,9,100,1.39286,1.575
2441,2,u,6,8,10,101,1.39286,1.79246
2442,2,u,6,8,11,102,1.39286,1.95933
2443,2,u,6,8,12,103,1.39286,2.06422
2444,2,u,6,8,13,104,1.39286,2.1
2445,2,u,6,9,1,105,1.4008,0
2446,2,u,6,9,2,106,1.4008,0.0357779
2447,2,u,6,9,3,107,1.4008,0.140673
2448,2,u,6,9,4,108,1.4008,0.307538
2449,2,u,6,9,5,109,1.4008,0.525
2450,2,u,6,9,6,110,1.4008,0.77824
2451,2,u,6,9,7,111,1.4008,1.05
2452,2,u,6,9,8,112,1.4008,1.32176
2453,2,u,6,9,9,113,1.4008,1.575
2454,2,u,6,9,10,114,1.4008,1.79246
2455,2,u,6,9,11,115,1.4008,1.95933
2456,2,u,6,9,12,116,1.4008,2.06422
2457,2,u,6,9,13,117,1.4008,2.1
2458,2,u,6,10,1,118,1.40835,0
2459,2,u,6,10,2,119,1.40835,0.0357779
2460,2,u,6,10,3,120,1.40835,0.140673
2461,2,u,6,10,4,121,1.40835,0.307538
2462,2,u,6,10,5,122,1.40835,0.525
2463,2,u,6,10,6,123,1.40835,0.77824
2464,2,u,6,10,7,124,1.40835,1.05
2465,2,u,6,10,8,125,1.40835,1.32176
2466,2,u,6,10,9,126,1.40835,1.575
2467,2,u,6,10,10,127,1.40835,1.79246
2468,2,u,6,10,11,128,1.40835,1.95933
2469,2,u,6,10,12,129,1.40835,2.06422
2470,2,u,6,10,13,130,1.40835,2.1
2471,2,u,6,11,1,131,1.41512,0
2472,2,u,6,11,2,132,1.41512,0.0357779
2473,2,u,6,11,3,133,1.41512,0.140673
2474,2,u,6,11,4,134,1.41512,0.307538
2475,2,u,6,11,5,135,1.41512,0.525
2476,2,u,6,11,6,136,1.41512,0.77824
2477,2,u,6,11,7,137,1.41512,1.05
2478,2,u,6,11,8,138,1.41512,1.32176
2479,2,u,6,11,9,139,1.41512,1.575
2480,2,u,6,11,10,140,1.41512,1.79246
2481,2,u,6,11,11,141,1.41512,1.95933
2482,2,u,6,11,12,142,1.41512,2.06422
2483,2,u,6,11,13,143,1.41512,2.1
2484,2,u,6,12,1,144,1.42078,0
2485,2,u,6,12,2,145,1.42078,0.0357779
2486,2,u,6,12,3,146,1.42078,0.140673
2487,2,u,6,12,4,147,1.42078,0.307538
2488,2,u,6,12,5,148,1.42078,0.525
2489,2,u,6,12,6,149,1.42078,0.77824
2490,2,u,6,12,7,150,1.42078,1.05
2491,2,u,6,12,8,151,1.42078,1.32176
2492,2,u,6,12,9,152,1.42078,1.575
2493,2,u,6,12,10,153,1.42078,1.79246
2494,2,u,6,12,11,154,1.42078,1.95933
2495,2,u,6,12,12,155,1.42078,2.06422
2496,2,u,6,12,13,156,1.42078,2.1
2497,2,u,6,13,1,157,1.42503,0
2498,2,u,6,13,2,158,1.42503,0.0357779
2499,2,u,6,13,3,159,1.42503,0.140673
2500,2,u,6,13,4,160,1.42503,0.307538
2501,2,u,6,13,5,161,1.42503,0.525
2502,2,u,6,13,6,162,1.42503,0.77824
2503,2,u,6,13,7,163,1.42503,1.05
2504,2,u,6,13,8,164,1.42503,1.32176
2505,2,u,6,13,9,165,1.42503,1.575
2506,2,u,6,13,10,166,1.42503,1.79246
2507,2,u,6,13,11,167,1.42503,1.95933
2508,2,u,6,13,12,168,1.42503,2.06422
2509,2,u,6,13,13,169,1.42503,2.1
2510,2,u,6,14,1,170,1.42768,0
2511,2,u,6,14,2,171,1.42768,0.0357779
2512,2,u,6,14,3,172,1.42768,0.140673
2513,2,u,6,14,4,173,1.42768,0.307538
2514,2,u,6,14,5,174,1.42768,0.525
2515,2,u,6,14,6,175,1.42768,0.77824
2516,2,u,6,14,7,176,1.42768,1.05
2517,2,u,6,14,8,177,1.42768,1.32176
2518,2,u,6,14,9,178,1.42768,1.575
2519,2,u,6,14,10,179,1.42768,1.79246
2520,2,u,6,14,11,180,1.42768,1.95933
2521,2,u,6,14,12,181,1.42768,2.06422
2522,2,u,6,14,13,182,1.42768,2.1
2523,2,u,6,15,1,183,1.42857,0
2524,2,u,6,15,2,184,1.42857,0.0357779
2525,2,u,6,15,3,185,1.42857,0.140673
2526,2,u,6,15,4,186,1.42857,0.307538
2527,2,u,6,15,5,187,1.42857,0.525
2528,2,u,6,15,6,188,1.42857,0.77824
2529,2,u,6,15,7,189,1.42857,1.05
2530,2,u,6,15,8,190,1.42857,1.32176
2531,2,u,6,15,9,191,1.42857,1.575
2532,2,u,6,15,10,192,1.42857,1.79246
2533,2,u,6,15,11,193,1.42857,1.95933
2534,2,u,6,15,12,194,1.42857,2.06422
2535,2,u,6,15,13,195,1.42857,2.1
2536,2,u,7,1,1,1,1.42857,0
2537,2,u,7,1,2,2,1.42857,0.0357779
2538,2,u,7,1,3,3,1.42857,0.140673
2539,2,u,7,1,4,4,1.42857,0.307538
2540,2,u,7,1,5,5,1.42857,0.525
2541,2,u,7,1,6,6,1.42857,0.77824
2542,2,u,7,1,7,7,1.42857,1.05
2543,2,u,7,1,8,8,1.42857,1.32176
2544,2,u,7,1,9,9,1.42857,1.575
2545,2,u,7,1,10,10,1.42857,1.79246
2546,2,u,7,1,11,11,1.42857,1.95933
2547,2,u,7,1,12,12,1.42857,2.06422
2548,2,u,7,1,13,13,1.42857,2.1
2549,2,u,7,2,1,14,1.42947,0
2550,2,u,7,2,2,15,1.42947,0.0357779
2551,2,u,7,2,3,16,1.42947,0.140673
2552,2,u,7,2,4,17,1.42947,0.307538
2553,2,u,7,2,5,18,1.42947,0.525
2554,2,u,7,2,6,19,1.42947,0.77824
2555,2,u,7,2,7,20,1.42947,1.05
2556,2,u,7,2,8,21,1.42947,1.32176
2557,2,u,7,2,9,22,1.42947,1.575
2558,2,u,7,2,10,23,1.42947,1.79246
2559,2,u,7,2,11,24,1.42947,1.95933
2560,2,u,7,2,12,25,1.42947,2.06422
2561,2,u,7,2,13,26,1.42947,2.1
2562,2,u,7,3,1,27,1.43211,0
2563,2,u,7,3,2,28,1.43211,0.0357779
2564,2,u,7,3,3,29,1.43211,0.140673
2565,2,u,7,3,4,30,1.43211,0.307538
2566,2,u,7,3,5,31,1.43211,0.525
2567,2,u,7,3,6,32,1.43211,0.77824
2568,2,u,7,3,7,33,1.43211,1.05
2569,2,u,7,3,8,34,1.43211,1.32176
2570,2,u,7,3,9,35,1.43211,1.575
2571,2,u,7,3,10,36,1.43211,1.79246
2572,2,u,7,3,11,37,1.43211,1.95933
2573,2,u,7,3,12,38,1.43211,2.06422
2574,2,u,7,3,13,39,1.43211,2.1
2575,2,u,7,4,1,40,1.43636,0
2576,2,u,7,4,2,41,1.43636,0.0357779
2577,2,u,7,4,3,42,1.43636,0.140673
2578,2,u,7,4,4,43,1.43636,0.307538
2579,2,u,7,4,5,44,1.43636,0.525
2580,2,u,7,4,6,45,1.43636,0.77824
2581,2,u,7,4,7,46,1.43636,1.05
2582,2,u,7,4,8,47,1.43636,1.32176
2583,2,u,7,4,9,48,1.43636,1.575
2584,2,u,7,4,10,49,1.43636,1.79246
2585,2,u,7,4,11,50,1.43636,1.95933
2586,2,u,7,4,12,51,1.43636,2.06422
2587,2,u,7,4,13,52,1.43636,2.1
2588,2,u,7,5,1,53,1.44202,0
2589,2,u,7,5,2,54,1.44202,0.0357779
2590,2,u,7,5,3,55,1.44202,0.140673
2591,2,u,7,5,4,56,1.44202,0.307538
2592,2,u,7,5,5,57,1.44202,0.525
2593,2,u,7,5,6,58,1.44202,0.77824
2594,2,u,7,5,7,59,1.44202,1.05
2595,2,u,7,5,8,60,1.44202,1.32176
2596,2,u,7,5,9,61,1.44202,1.575
2597,2,u,7,5,10,62,1.44202,1.79246
2598,2,u,7,5,11,63,1.44202,1.95933
2599,2,u,7,5,12,64,1.44202,2.06422
2600,2,u,7,5,13,65,1.44202,2.1
2601,2,u,7,6,1,66,1.44879,0
2602,2,u,7,6,2,67,1.44879,0.0357779
2603,2,u,7,6,3,68,1.44879,0.140673
2604,2,u,7,6,4,69,1.44879,0.307538
2605,2,u,7,6,5,70,1.44879,0.525
2606,2,u,7,6,6,71,1.44879,0.77824
2607,2,u,7,6,7,72,1.44879,1.05
2608,2,u,7,6,8,73,1.44879,1.32176
2609,2,u,7,6,9,74,1.44879,1.575
2610,2,u,7,6,10,75,1.44879,1.79246
2611,2,u,7,6,11,76,1.44879,1.95933
2612,2,u,7,6,12,77,1.44879,2.06422
2613,2,u,7,6,13,78,1.44879,2.1
2614,2,u,7,7,1,79,1.45634,0
2615,2,u,7,7,2,80,1.45634,0.0357779
2616,2,u,7,7,3,81,1.45634,0.140673
2617,2,u,7,7,4,82,1.45634,0.307538
2618,2,u,7,7,5,83,1.45634,0.525
2619,2,u,7,7,6,84,1.45634,0.77824
2620,2,u,7,7,7,85,1.45634,1.05
2621,2,u,7,7,8,86,1.45634,1.32176
2622,2,u,7,7,9,87,1.45634,1.575
2623,2,u,7,7,10,88,1.45634,1.79246
2624,2,u,7,7,11,89,1.45634,1.95933
2625,2,u,7,7,12,90,1.45634,2.06422
2626,2,u,7,7,13,91,1.45634,2.1
2627,2,u,7,8,1,92,1.46429,0
2628,2,u,7,8,2,93,1.46429,0.0357779
2629,2,u,7,8,3,94,1.46429,0.140673
2630,2,u,7,8,4,95,1.46429,0.307538
2631,2,u,7,8,5,96,1.46429,0.525
2632,2,u,7,8,6,97,1.46429,0.77824
2633,2,u,7,8,7,98,1.46429,1.05
2634,2,u,7,8,8,99,1.46429,1.32176
2635,2,u,7,8,9,100,1.46429,1.575
2636,2,u,7,8,10,101,1.46429,1.79246
2637,2,u,7,8,11,102,1.46429,1.95933
2638,2,u,7,8,12,103,1.46429,2.06422
2639,2,u,7,8,13,104,1.46429,2.1
2640,2,u,7,9,1,105,1.47223,0
2641,2,u,7,9,2,106,1.47223,0.0357779
2642,2,u,7,9,3,107,1.47223,0.140673
2643,2,u,7,9,4,108,1.47223,0.307538
2644,2,u,7,9,5,109,1.47223,0.525
2645,2,u,7,9,6,110,1.47223,0.77824
2646,2,u,7,9,7,111,1.47223,1.05
2647,2,u,7,9,8,112,1.47223,1.32176
2648,2,u,7,9,9,113,1.47223,1.575
2649,2,u,7,9,10,114,1.47223,1.79246
2650,2,u,7,9,11,115,1.47223,1.95933
2651,2,u,7,9,12,116,1.47223,2.06422
2652,2,u,7,9,13,117,1.47223,2.1
2653,2,u,7,10,1,118,1.47978,0
2654,2,u,7,10,2,119,1.47978,0.0357779
2655,2,u,7,10,3,120,1.47978,0.140673
2656,2,u,7,10,4,121,1.47978,0.307538
2657,2,u,7,10,5,122,1.47978,0.525
2658,2,u,7,10,6,123,1.47978,0.77824
2659,2,u,7,10,7,124,1.47978,1.05
2660,2,u,7,10,8,125,1.47978,1.32176
2661,2,u,7,10,9,126,1.47978,1.575
2662,2,u,7,10,10,127,1.47978,1.79246
2663,2,u,7,10,11,128,1.47978,1.95933
2664,2,u,7,10,12,129,1.47978,2.06422
2665,2,u,7,10,13,130,1.47978,2.1
2666,2,u,7,11,1,131,1.48655,0
2667,2,u,7,11,2,132,1.48655,0.0357779
2668,2,u,7,11,3,133,1.48655,0.140673
2669,2,u,7,11,4,134,1.48655,0.307538
2670,2,u,7,11,5,135,1.48655,0.525
2671,2,u,7,11,6,136,1.48655,0.77824
2672,2,u,7,11,7,137,1.48655,1.05
2673,2,u,7,11,8,138,1.48655,1.32176
2674,2,u,7,11,9,139,1.48655,1.575
2675,2,u,7,11,10,140,1.48655,1.79246
2676,2,u,7,11,11,141,1.48655,1.95933
2677,2,u,7,11,12,142,1.48655,2.06422
2678,2,u,7,11,13,143,1.48655,2.1
2679,2,u,7,12,1,144,1.49221,0
2680,2,u,7,12,2,145,1.49221,0.0357779
2681,2,u,7,12,3,146,1.49221,0.140673
2682,2,u,7,12,4,147,1.49221,0.307538
2683,2,u,7,12,5,148,1.49221,0.525
2684,2,u,7,12,6,149,1.49221,0.77824
2685,2,u,7,12,7,150,1.49221,1.05
2686,2,u,7,12,8,151,1.49221,1.32176
2687,2,u,7,12,9,152,1.49221,1.575
2688,2,u,7,12,10,153,1.49221,1.79246
2689,2,u,7,12,11,154,1.49221,1.95933
2690,2,u,7,12,12,155,1.49221,2.06422
2691,2,u,7,12,13,156,1.49221,2.1
2692,2,u,7,13,1,157,1.49646,0
2693,2,u,7,13,2,158,1.49646,0.0357779
2694,2,u,7,13,3,159,1.49646,0.140673
2695,2,u,7,13,4,160,1.49646,0.307538
2696,2,u,7,13,5,161,1.49646,0.525
2697,2,u,7,13,6,162,1.49646,0.77824
2698,2,u,7,13,7,163,1.49646,1.05
2699,2,u,7,13,8,164,1.49646,1.32176
2700,2,u,7,13,9,165,1.49646,1.575
2701,2,u,7,13,10,166,1.49646,1.79246
2702,2,u,7,13,11,167,1.49646,1.95933
2703,2,u,7,13,12,168,1.49646,2.06422
2704,2,u,7,13,13,169,1.49646,2.1
2705,2,u,7,14,1,170,1.4991,0
2706,2,u,7,14,2,171,1.4991,0.0357779
2707,2,u,7,14,3,172,1.4991,0.140673
2708,2,u,7,14,4,173,1.4991,0.307538
2709,2,u,7,14,5,174,1.4991,0.525
2710,2,u,7,14,6,175,1.4991,0.77824
2711,2,u,7,14,7,176,1.4991,1.05
2712,2,u,7,14,8,177,1.4991,1.32176
2713,2,u,7,14,9,178,1.4991,1.575
2714,2,u,7,14,10,179,1.4991,1.79246
2715,2,u,7,14,11,180,1.4991,1.95933
2716,2,u,7,14,12,181,1.4991,2.06422
2717,2,u,7,14,13,182,1.4991,2.1
2718,2,u,7,15,1,183,1.5,0
2719,2,u,7,15,2,184,1.5,0.0357779
2720,2,u,7,15,3,185,1.5,0.140673
2721,2,u,7,15,4,186,1.5,0.307538
2722,2,u,7,15,5,187,1.5,0.525
2723,2,u,7,15,6,188,1.5,0.77824
2724,2,u,7,15,7,189,1.5,1.05
2725,2,u,7,15,8,190,1.5,1.32176
2726,2,u,7,15,9,191,1.5,1.575
2727,2,u,7,15,10,192,1.5,1.79246
2728,2,u,7,15,11,193,1.5,1.95933
2729,2,u,7,15,12,194,1.5,2.06422
2730,2,u,7,15,13,195,1.5,2.1
2731,3,w,1,1,1,1,1,0
2732,3,w,1,1,2,2,1,0.0357779
2733,3,w,1,1,3,3,1,0.140673
2734,3,w,1,1,4,4,1,0.307538
2735,3,w,1,1,5,5,1,0.525
2736,3,w,1,1,6,6,1,0.77824
2737,3,w,1,1,7,7,1,1.05
2738,3,w,1,1,8,8,1,1.32176
2739,3,w,1,1,9,9,1,1.575
2740,3,w,1,1,10,10,1,1.79246
2741,3,w,1,1,11,11,1,1.95933
2742,3,w,1,1,12,12,1,2.06422
2743,3,w,1,1,13,13,1,2.1
2744,3,w,1,2,1,14,1.0009,0
2745,3,w,1,2,2,15,1.0009,0.0357779
2746,3,w,1,2,3,16,1.0009,0.140673
2747,3,w,1,2,4,17,1.0009,0.307538
2748,3,w,1,2,5,18,1.0009,0.525
2749,3,w,1,2,6,19,1.0009,0.77824
2750,3,w,1,2,7,20,1.0009,1.05
2751,3,w,1,2,8,21,1.0009,1.32176
2752,3,w,1,2,9,22,1.0009,1.575
2753,3,w,1,2,10,23,1.0009,1.79246
2754,3,w,1,2,11,24,1.0009,1.95933
2755,3,w,1,2,12,25,1.0009,2.06422
2756,3,w,1,2,13,26,1.0009,2.1
2757,3,w,1,3,1,27,1.00354,0
2758,3,w,1,3,2,28,1.00354,0.0357779
2759,3,w,1,3,3,29,1.00354,0.140673
2760,3,w,1,3,4,30,1.00354,0.307538
2761,3,w,1,3,5,31,1.00354,0.525
2762,3,w,1,3,6,32,1.00354,0.77824
2763,3,w,1,3,7,33,1.00354,1.05
2764,3,w,1,3,8,34,1.00354,1.32176
2765,3,w,1,3,9,35,1.00354,1.575
2766,3,w,1,3,10,36,1.00354,1.79246
2767,3,w,1,3,11,37,1.00354,1.95933
2768,3,w,1,3,12,38,1.00354,2.06422
2769,3,w,1,3,13,39,1.00354,2.1
2770,3,w,1,4,1,40,1.00779,0
2771,3,w,1,4,2,41,1.00779,0.0357779
2772,3,w,1,4,3,42,1.00779,0.140673
2773,3,w,1,4,4,43,1.00779,0.307538
2774,3,w,1,4,5,44,1.00779,0.525
2775,3,w,1,4,6,45,1.00779,0.77824
2776,3,w,1,4,7,46,1.00779,1.05
2777,3,w,1,4,8,47,1.00779,1.32176
2778,3,w,1,4,9,48,1.00779,1.575
2779,3,w,1,4,10,49,1.00779,1.79246
2780,3,w,1,4,11,50,1.00779,1.95933
2781,3,w,1,4,12,51,1.00779,2.06422
2782,3,w,1,4,13,52,1.00779,2.1
2783,3,w,1,5,1,53,1.01345,0
2784,3,w,1,5,2,54,1.01345,0.0357779
2785,3,w,1,5,3,55,1.01345,0.140673
2786,3,w,1,5,4,56,1.01345,0.307538
2787,3,w,1,5,5,57,1.01345,0.525
2788,3,w,1,5,6,58,1.01345,0.77824
2789,3,w,1,5,7,59,1.01345,1.05
2790,3,w,1,5,8,60,1.01345,1.32176
2791,3,w,1,5,9,61,1.01345,1.575
2792,3,w,1,5,10,62,1.01345,1.79246
2793,3,w,1,5,11,63,1.01345,1.95933
2794,3,w,1,5,12,64,1.01345,2.06422
2795,3,w,1,5,13,65,1.01345,2.1
2796,3,w,1,6,1,66,1.02022,0
2797,3,w,1,6,2,67,1.02022,0.0357779
2798,3,w,1,6,3,68,1.02022,0.140673
2799,3,w,1,6,4,69,1.02022,0.307538
2800,3,w,1,6,5,70,1.02022,0.525
2801,3,w,1,6,6,71,1.02022,0.77824
2802,3,w,1,6,7,72,1.02022,1.05
2803,3,w,1,6,8,73,1.02022,1.32176
2804,3,w,1,6,9,74,1.02022,1.575
2805,3,w,1,6,10,75,1.02022,1.79246
2806,3,w,1,6,11,76,1.02022,1.95933
2807,3,w,1,6,12,77,1.02022,2.06422
2808,3,w,1,6,13,78,1.02022,2.1
2809,3,w,1,7,1,79,1.02777,0
2810,3,w,1,7,2,80,1.02777,0.0357779
2811,3,w,1,7,3,81,1.02777,0.140673
2812,3,w,1,7,4,82,1.02777,0.307538
2813,3,w,1,7,5,83,1.02777,0.525
2814,3,w,1,7,6,84,1.02777,0.77824
2815,3,w,1,7,7,85,1.02777,1.05
2816,3,w,1,7,8,86,1.02777,1.32176
2817,3,w,1,7,9,87,1.02777,1.575
2818,3,w,1,7,10,88,1.02777,1.79246
2819,3,w,1,7,11,89,1.02777,1.95933
2820,3,w,1,7,12,90,1.02777,2.06422
2821,3,w,1,7,13,91,1.02777,2.1
2822,3,w,1,8,1,92,1.03571,0
2823,3,w,1,8,2,93,1.03571,0.0357779
2824,3,w,1,8,3,94,1.03571,0.140673
2825,3,w,1,8,4,95,1.03571,0.307538
2826,3,w,1,8,5,96,1.03571,0.525
2827,3,w,1,8,6,97,1.03571,0.77824
2828,3,w,1,8,7,98,1.03571,1.05
2829,3,w,1,8,8,99,1.03571,1.32176
2830,3,w,1,8,9,100,1.03571,1.575
2831,3,w,1,8,10,101,1.03571,1.79246
2832,3,w,1,8,11,102,1.03571,1.95933
2833,3,w,1,8,12,103,1.03571,2.06422
2834,3,w,1,8,13,104,1.03571,2.1
2835,3,w,1,9,1,105,1.04366,0
2836,3,w,1,9,2,106,1.04366,0.0357779
2837,3,w,1,9,3,107,1.04366,0.140673
2838,3,w,1,9,4,108,1.04366,0.307538
2839,3,w,1,9,5,109,1.04366,0.525
2840,3,w,1,9,6,110,1.04366,0.77824
2841,3,w,1,9,7,111,1.04366,1.05
2842,3,w,1,9,8,112,1.04366,1.32176
2843,3,w,1,9,9,113,1.04366,1.575
2844,3,w,1,9,10,114,1.04366,1.79246
2845,3,w,1,9,11,115,1.04366,1.95933
2846,3,w,1,9,12,116,1.04366,2.06422
2847,3,w,1,9,13,117,1.04366,2.1
2848,3,w,1,10,1,118,1.05121,0
2849,3,w,1,10,2,119,1.05121,0.0357779
2850,3,w,1,10,3,120,1.05121,0.140673
2851,3,w,1,10,4,121,1.05121,0.307538
2852,3,w,1,10,5,122,1.05121,0.525
2853,3,w,1,10,6,123,1.05121,0.77824
2854,3,w,1,10,7,124,1.05121,1.05
2855,3,w,1,10,8,125,1.05121,1.32176
2856,3,w,1,10,9,126,1.05121,1.575
2857,3,w,1,10,10,127,1.05121,1.79246
2858,3,w,1,10,11,128,1.05121,1.95933
2859,3,w,1,10,12,129,1.05121,2.06422
2860,3,w,1,10,13,130,1.05121,2.1
2861,3,w,1,11,1,131,1.05798,0
2862,3,w,1,11,2,132,1.05798,0.0357779
2863,3,w,1,11,3,133,1.05798,0.140673
2864,3,w,1,11,4,134,1.05798,0.307538
2865,3,w,1,11,5,135,1.05798,0.525
2866,3,w,1,11,6,136,1.05798,0.77824
2867,3,w,1,11,7,137,1.05798,1.05
2868,3,w,1,11,8,138,1.05798,1.32176
2869,3,w,1,11,9,139,1.05798,1.575
2870,3,w,1,11,10,140,1.05798,1.79246
2871,3,w,1,11,11,141,1.05798,1.95933
2872,3,w,1,11,12,142,1.05798,2.06422
2873,3,w,1,11,13,143,1.05798,2.1
2874,3,w,1,12,1,144,1.06364,0
2875,3,w,1,12,2,145,1.06364,0.0357779
2876,3,w,1,12,3,146,1.06364,0.140673
2877,3,w,1,12,4,147,1.06364,0.307538
2878,3,w,1,12,5,148,1.06364,0.525
2879,3,w,1,12,6,149,1.06364,0.77824
2880,3,w,1,12,7,150,1.06364,1.05
2881,3,w,1,12,8,151,1.06364,1.32176
2882,3,w,1,12,9,152,1.06364,1.575
2883,3,w,1,12,10,153,1.06364,1.79246
2884,3,w,1,12,11,154,1.06364,1.95933
2885,3,w,1,12,12,155,1.06364,2.06422
2886,3,w,1,12,13,156,1.06364,2.1
2887,3,w,1,13,1,157,1.06789,0
2888,3,w,1,13,2,158,1.06789,0.0357779
2889,3,w,1,13,3,159,1.06789,0.140673
2890,3,w,1,13,4,160,1.06789,0.307538
2891,3,w,1,13,5,161,1.06789,0.525
2892,3,w,1,13,6,162,1.06789,0.77824
2893,3,w,1,13,7,163,1.06789,1.05
2894,3,w,1,13,8,164,1.06789,1.32176
2895,3,w,1,13,9,165,1.06789,1.575
2896,3,w,1,13,10,166,1.06789,1.79246
2897,3,w,1,13,11,167,1.06789,1.95933
2898,3,w,1,13,12,168,1.06789,2.06422
2899,3,w,1,13,13,169,1.06789,2.1
2900,3,w,1,14,1,170,1.07053,0
2901,3,w,1,14,2,171,1.07053,0.0357779
2902,3,w,1,14,3,172,1.07053,0.140673
2903,3,w,1,14,4,173,1.07053,0.307538
2904,3,w,1,14,5,174,1.07053,0.525
2905,3,w,1,14,6,175,1.07053,0.77824
2906,3,w,1,14,7,176,1.07053,1.05
2907,3,w,1,14,8,177,1.07053,1.32176
2908,3,w,1,14,9,178,1.07053,1.575
2909,3,w,1,14,10,179,1.07053,1.79246
2910,3,w,1,14,11,180,1.07053,1.95933
2911,3,w,1,14,12,181,1.07053,2.06422
2912,3,w,1,14,13,182,1.07053,2.1
2913,3,w,1,15,1,183,1.07143,0
2914,3,w,1,15,2,184,1.07143,0.0357779
2915,3,w,1,15,3,185,1.07143,0.140673
2916,3,w,1,15,4,186,1.07143,0.307538
2917,3,w,1,15,5,187,1.07143,0.525
2918,3,w,1,15,6,188,1.07143,0.77824
2919,3,w,1,15,7,189,1.07143,1.05
2920,3,w,1,15,8,190,1.07143,1.32176
2921,3,w,1,15,9,191,1.07143,1.575
2922,3,w,1,15,10,192,1.07143,1.79246
2923,3,w,1,15,11,193,1.07143,1.95933
2924,3,w,1,15,12,194,1.07143,2.06422
2925,3,w,1,15,13,195,1.07143,2.1
2926,3,w,2,1,1,1,1.07143,0
2927,3,w,2,1,2,2,1.07143,0.0357779
2928,3,w,2,1,3,3,1.07143,0.140673
2929,3,w,2,1,4,4,1.07143,0.307538
2930,3,w,2,1,5,5,1.07143,0.525
2931,3,w,2,1,6,6,1.07143,0.77824
2932,3,w,2,1,7,7,1.07143,1.05
2933,3,w,2,1,8,8,1.07143,1.32176
2934,3,w,2,1,9,9,1.07143,1.575
2935,3,w,2,1,10,10,1.07143,1.79246
2936,3,w,2,1,11,11,1.07143,1.95933
2937,3,w,2,1,12,12,1.07143,2.06422
2938,3,w,2,1,13,13,1.07143,2.1
2939,3,w,2,2,1,14,1.07232,0
2940,3,w,2,2,2,15,1.07232,0.0357779
2941,3,w,2,2,3,16,1.07232,0.140673
2942,3,w,2,2,4,17,1.07232,0.307538
2943,3,w,2,2,5,18,1.07232,0.525
2944,3,w,2,2,6,19,1.07232,0.77824
2945,3,w,2,2,7,20,1.07232,1.05
2946,3,w,2,2,8,21,1.07232,1.32176
2947,3,w,2,2,9,22,1.07232,1.575
2948,3,w,2,2,10,23,1.07232,1.79246
2949,3,w,2,2,11,24,1.07232,1.95933
2950,3,w,2,2,12,25,1.07232,2.06422
2951,3,w,2,2,13,26,1.07232,2.1
2952,3,w,2,3,1,27,1.07497,0
2953,3,w,2,3,2,28,1.07497,0.0357779
2954,3,w,2,3,3,29,1.07497,0.140673
2955,3,w,2,3,4,30,1.07497,0.307538
2956,3,w,2,3,5,31,1.07497,0.525
2957,3,w,2,3,6,32,1.07497,0.77824
2958,3,w,2,3,7,33,1.07497,1.05
2959,3,w,2,3,8,34,1.07497,1.32176
2960,3,w,2,3,9,35,1.07497,1.575
2961,3,w,2,3,10,36,1.07497,1.79246
2962,3,w,2,3,11,37,1.07497,1.95933
2963,3,w,2,3,12,38,1.07497,2.06422
2964,3,w,2,3,13,39,1.07497,2.1
2965,3,w,2,4,1,40,1.07922,0
2966,3,w,2,4,2,41,1.07922,0.0357779
2967,3,w,2,4,3,42,1.07922,0.140673
2968,3,w,2,4,4,43,1.07922,0.307538
2969,3,w,2,4,5,44,1.07922,0.525
2970,3,w,2,4,6,45,1.07922,0.77824
2971,3,w,2,4,7,46,1.07922,1.05
2972,3,w,2,4,8,47,1.07922,1.32176
2973,3,w,2,4,9,48,1.07922,1.575
2974,3,w,2,4,10,49,1.07922,1.79246
2975,3,w,2,4,11,50,1.07922,1.95933
2976,3,w,2,4,12,51,1.07922,2.06422
2977,3,w,2,4,13,52,1.07922,2.1
2978,3,w,2,5,1,53,1.08488,0
2979,3,w,2,5,2,54,1.08488,0.0357779
2980,3,w,2,5,3,55,1.08488,0.140673
2981,3,w,2,5,4,56,1.08488,0.307538
2982,3,w,2,5,5,57,1.08488,0.525
2983,3,w,2,5,6,58,1.08488,0.77824
2984,3,w,2,5,7,59,1.08488,1.05
2985,3,w,2,5,8,60,1.08488,1.32176
2986,3,w,2,5,9,61,1.08488,1.575
2987,3,w,2,5,10,62,1.08488,1.79246
2988,3,w,2,5,11,63,1.08488,1.95933
2989,3,w,2,5,12,64,1.08488,2.06422
2990,3,w,2,5,13,65,1.08488,2.1
2991,3,w,2,6,1,66,1.09165,0
2992,3,w,2,6,2,67,1.09165,0.0357779
2993,3,w,2,6,3,68,1.09165,0.140673
2994,3,w,2,6,4,69,1.09165,0.307538
2995,3,w,2,6,5,70,1.09165,0.525
2996,3,w,2,6,6,71,1.09165,0.77824
2997,3,w,2,6,7,72,1.09165,1.05
2998,3,w,2,6,8,73,1.09165,1.32176
2999,3,w,2,6,9,74,1.09165,1.575
3000,3,w,2,6,10,75,1.09165,1.79246
3001,3,w,2,6,11,76,1.09165,1.95933
3002,3,w,2,6,12,77,1.09165,2.06422
3003,3,w,2,6,13,78,1.09165,2.1
3004,3,w,2,7,1,79,1.0992,0
3005,3,w,2,7,2,80,1.0992,0.0357779
3006,3,w,2,7,3,81,1.0992,0.140673
3007,3,w,2,7,4,82,1.0992,0.307538
3008,3,w,2,7,5,83,1.0992,0.525
3009,3,w,2,7,6,84,1.0992,0.77824
3010,3,w,2,7,7,85,1.0992,1.05
3011,3,w,2,7,8,86,1.0992,1.32176
3012,3,w,2,7,9,87,1.0992,1.575
3013,3,w,2,7,10,88,1.0992,1.79246
3014,3,w,2,7,11,89,1.0992,1.95933
3015,3,w,2,7,12,90,1.0992,2.06422
3016,3,w,2,7,13,91,1.0992,2.1
3017,3,w,2,8,1,92,1.10714,0
3018,3,w,2,8,2,93,1.10714,0.0357779
3019,3,w,2,8,3,94,1.10714,0.140673
3020,3,w,2,8,4,95,1.10714,0.307538
3021,3,w,2,8,5,96,1.10714,0.525
3022,3,w,2,8,6,97,1.10714,0.77824
3023,3,w,2,8,7,98,1.10714,1.05
3024,3,w,2,8,8,99,1.10714,1.32176
3025,3,w,2,8,9,100,1.10714,1.575
3026,3,w,2,8,10,101,1.10714,1.79246
3027,3,w,2,8,11,102,1.10714,1.95933
3028,3,w,2,8,12,103,1.10714,2.06422
3029,3,w,2,8,13,104,1.10714,2.1
3030,3,w,2,9,1,105,1.11509,0
3031,3,w,2,9,2,106,1.11509,0.0357779
3032,3,w,2,9,3,107,1.11509,0.140673
3033,3,w,2,9,4,108,1.11509,0.307538
3034,3,w,2,9,5,109,1.11509,0.525
3035,3,w,2,9,6,110,1.11509,0.77824
3036,3,w,2,9,7,111,1.11509,1.05
3037,3,w,2,9,8,112,1.11509,1.32176
3038,3,w,2,9,9,113,1.11509,1.575
3039,3,w,2,9,10,114,1.11509,1.79246
3040,3,w,2,9,11,115,1.11509,1.95933
3041,3,w,2,9,12,116,1.11509,2.06422
3042,3,w,2,9,13,117,1.11509,2.1
3043,3,w,2,10,1,118,1.12264,0
3044,3,w,2,10,2,119,1.12264,0.0357779
3045,3,w,2,10,3,120,1.12264,0.140673
3046,3,w,2,10,4,121,1.12264,0.307538
3047,3,w,2,10,5,122,1.12264,0.525
3048,3,w,2,10,6,123,1.12264,0.77824
3049,3,w,2,10,7,124,1.12264,1.05
3050,3,w,2,10,8,125,1.12264,1.32176
3051,3,w,2,10,9,126,1.12264,1.575
3052,3,w,2,10,10,127,1.12264,1.79246
3053,3,w,2,10,11,128,1.12264,1.95933
3054,3,w,2,10,12,129,1.12264,2.06422
3055,3,w,2,10,13,130,1.12264,2.1
3056,3,w,2,11,1,131,1.12941,0
3057,3,w,2,11,2,132,1.12941,0.0357779
3058,3,w,2,11,3,133,1.12941,0.140673
3059,3,w,2,11,4,134,1.12941,0.307538
3060,3,w,2,11,5,135,1.12941,0.525
3061,3,w,2,11,6,136,1.12941,0.77824
3062,3,w,2,11,7,137,1.12941,1.05
3063,3,w,2,11,8,138,1.12941,1.32176
3064,3,w,2,11,9,139,1.12941,1.575
3065,3,w,2,11,10,140,1.12941,1.79246
3066,3,w,2,11,11,141,1.12941,1.95933
3067,3,w,2,11,12,142,1.12941,2.06422
3068,3,w,2,11,13,143,1.12941,2.1
3069,3,w,2,12,1,144,1.13507,0
3070,3,w,2,12,2,145,1.13507,0.0357779
3071,3,w,2,12,3,146,1.13507,0.140673
3072,3,w,2,12,4,147,1.13507,0.307538
3073,3,w,2,12,5,148,1.13507,0.525
3074,3,w,2,12,6,149,1.13507,0.77824
3075,3,w,2,12,7,150,1.13507,1.05
3076,3,w,2,12,8,151,1.13507,1.32176
3077,3,w,2,12,9,152,1.13507,1.575
3078,3,w,2,12,10,153,1.13507,1.79246
3079,3,w,2,12,11,154,1.13507,1.95933
3080,3,w,2,12,12,155,1.13507,2.06422
3081,3,w,2,12,13,156,1.13507,2.1
3082,3,w,2,13,1,157,1.13932,0
3083,3,w,2,13,2,158,1.13932,0.0357779
3084,3,w,2,13,3,159,1.13932,0.140673
3085,3,w,2,13,4,160,1.13932,0.307538
3086,3,w,2,13,5,161,1.13932,0.525
3087,3,w,2,13,6,162,1.13932,0.77824
3088,3,w,2,13,7,163,1.13932,1.05
3089,3,w,2,13,8,164,1.13932,1.32176
3090,3,w,2,13,9,165,1.13932,1.575
3091,3,w,2,13,10,166,1.13932,1.79246
3092,3,w,2,13,11,167,1.13932,1.95933
3093,3,w,2,13,12,168,1.13932,2.06422
3094,3,w,2,13,13,169,1.13932,2.1
3095,3,w,2,14,1,170,1.14196,0
3096,3,w,2,14,2,171,1.14196,0.0357779
3097,3,w,2,14,3,172,1.14196,0.140673
3098,3,w,2,14,4,173,1.14196,0.307538
3099,3,w,2,14,5,174,1.14196,0.525
3100,3,w,2,14,6,175,1.14196,0.77824
3101,3,w,2,14,7,176,1.14196,1.05
3102,3,w,2,14,8,177,1.14196,1.32176
3103,3,w,2,14,9,178,1.14196,1.575
3104,3,w,2,14,10,179,1.14196,1.79246
3105,3,w,2,14,11,180,1.14196,1.95933
3106,3,w,2,14,12,181,1.14196,2.06422
3107,3,w,2,14,13,182,1.14196,2.1
3108,3,w,2,15,1,183,1.14286,0
3109,3,w,2,15,2,184,1.14286,0.0357779
3110,3,w,2,15,3,185,1.14286,0.140673
3111,3,w,2,15,4,186,1.14286,0.307538
3112,3,w,2,15,5,187,1.14286,0.525
3113,3,w,2,15,6,188,1.14286,0.77824
3114,3,w,2,15,7,189,1.14286,1.05
3115,3,w,2,15,8,190,1.14286,1.32176
3116,3,w,2,15,9,191,1.14286,1.575
3117,3,w,2,15,10,192,1.14286,1.79246
3118,3,w,2,15,11,193,1.14286,1.95933
3119,3,w,2,15,12,194,1.14286,2.06422
3120,3,w,2,15,13,195,1.14286,2.1
3121,3,w,3,1,1,1,1.14286,0
3122,3,w,3,1,2,2,1.14286,0.0357779
3123,3,w,3,1,3,3,1.14286,0.140673
3124,3,w,3,1,4,4,1.14286,0.307538
3125,3,w,3,1,5,5,1.14286,0.525
3126,3,w,3,1,6,6,1.14286,0.77824
3127,3,w,3,1,7,7,1.14286,1.05
3128,3,w,3,1,8,8,1.14286,1.32176
3129,3,w,3,1,9,9,1.14286,1.575
3130,3,w,3,1,10,10,1.14286,1.79246
3131,3,w,3,1,11,11,1.14286,1.95933
3132,3,w,3,1,12,12,1.14286,2.06422
3133,3,w,3,1,13,13,1.14286,2.1
3134,3,w,3,2,1,14,1.14375,0
3135,3,w,3,2,2,15,1.14375,0.0357779
3136,3,w,3,2,3,16,1.14375,0.140673
3137,3,w,3,2,4,17,1.14375,0.307538
3138,3,w,3,2,5,18,1.14375,0.525
3139,3,w,3,2,6,19,1.14375,0.77824
3140,3,w,3,2,7,20,1.14375,1.05
3141,3,w,3,2,8,21,1.14375,1.32176
3142,3,w,3,2,9,22,1.14375,1.575
3143,3,w,3,2,10,23,1.14375,1.79246
3144,3,w,3,2,11,24,1.14375,1.95933
3145,3,w,3,2,12,25,1.14375,2.06422
3146,3,w,3,2,13,26,1.14375,2.1
3147,3,w,3,3,1,27,1.14639,0
3148,3,w,3,3,2,28,1.14639,0.0357779
3149,3,w,3,3,3,29,1.14639,0.140673
3150,3,w,3,3,4,30,1.14639,0.307538
3151,3,w,3,3,5,31,1.14639,0.525
3152,3,w,3,3,6,32,1.14639,0.77824
3153,3,w,3,3,7,33,1.14639,1.05
3154,3,w,3,3,8,34,1.14639,1.32176
3155,3,w,3,3,9,35,1.14639,1.575
3156,3,w,3,3,10,36,1.14639,1.79246
3157,3,w,3,3,11,37,1.14639,1.95933
3158,3,w,3,3,12,38,1.14639,2.06422
3159,3,w,3,3,13,39,1.14639,2.1
3160,3,w,3,4,1,40,1.15065,0
3161,3,w,3,4,2,41,1.15065,0.0357779
3162,3,w,3,4,3,42,1.15065,0.140673
3163,3,w,3,4,4,43,1.15065,0.307538
3164,3,w,3,4,5,44,1.15065,0.525
3165,3,w,3,4,6,45,1.15065,0.77824
3166,3,w,3,4,7,46,1.15065,1.05
3167,3,w,3,4,8,47,1.15065,1.32176
3168,3,w,3,4,9,48,1.15065,1.575
3169,3,w,3,4,10,49,1.15065,1.79246
3170,3,w,3,4,11,50,1.15065,1.95933
3171,3,w,3,4,12,51,1.15065,2.06422
3172,3,w,3,4,13,52,1.15065,2.1
3173,3,w,3,5,1,53,1.1563,0
3174,3,w,3,5,2,54,1.1563,0.0357779
3175,3,w,3,5,3,55,1.1563,0.140673
3176,3,w,3,5,4,56,1.1563,0.307538
3177,3,w,3,5,5,57,1.1563,0.525
3178,3,w,3,5,6,58,1.1563,0.77824
3179,3,w,3,5,7,59,1.1563,1.05
3180,3,w,3,5,8,60,1.1563,1.32176
3181,3,w,3,5,9,61,1.1563,1.575
3182,3,w,3,5,10,62,1.1563,1.79246
3183,3,w,3,5,11,63,1.1563,1.95933
3184,3,w,3,5,12,64,1.1563,2.06422
3185,3,w,3,5,13,65,1.1563,2.1
3186,3,w,3,6,1,66,1.16308,0
3187,3,w,3,6,2,67,1.16308,0.0357779
3188,3,w,3,6,3,68,1.16308,0.140673
3189,3,w,3,6,4,69,1.16308,0.307538
3190,3,w,3,6,5,70,1.16308,0.525
3191,3,w,3,6,6,71,1.16308,0.77824
3192,3,w,3,6,7,72,1.16308,1.05
3193,3,w,3,6,8,73,1.16308,1.32176
3194,3,w,3,6,9,74,1.16308,1.575
3195,3,w,3,6,10,75,1.16308,1.79246
3196,3,w,3,6,11,76,1.16308,1.95933
3197,3,w,3,6,12,77,1.16308,2.06422
3198,3,w,3,6,13,78,1.16308,2.1
3199,3,w,3,7,1,79,1.17062,0
3200,3,w,3,7,2,80,1.17062,0.0357779
3201,3,w,3,7,3,81,1.17062,0.140673
3202,3,w,3,7,4,82,1.17062,0.307538
3203,3,w,3,7,5,83,1.17062,0.525
3204,3,w,3,7,6,84,1.17062,0.77824
3205,3,w,3,7,7,85,1.17062,1.05
3206,3,w,3,7,8,86,1.17062,1.32176
3207,3,w,3,7,9,87,1.17062,1.575
3208,3,w,3,7,10,88,1.17062,1.79246
3209,3,w,3,7,11,89,1.17062,1.95933
3210,3,w,3,7,12,90,1.17062,2.06422
3211,3,w,3,7,13,91,1.17062,2.1
3212,3,w,3,8,1,92,1.17857,0
3213,3,w,3,8,2,93,1.17857,0.0357779
3214,3,w,3,8,3,94,1.17857,0.140673
3215,3,w,3,8,4,95,1.17857,0.307538
3216,3,w,3,8,5,96,1.17857,0.525
3217,3,w,3,8,6,97,1.17857,0.77824
3218,3,w,3,8,7,98,1.17857,1.05
3219,3,w,3,8,8,99,1.17857,1.32176
3220,3,w,3,8,9,100,1.17857,1.575
3221,3,w,3,8,10,101,1.17857,1.79246
3222,3,w,3,8,11,102,1.17857,1.95933
3223,3,w,3,8,12,103,1.17857,2.06422
3224,3,w,3,8,13,104,1.17857,2.1
3225,3,w,3,9,1,105,1.18652,0
3226,3,w,3,9,2,106,1.18652,0.0357779
3227,3,w,3,9,3,107,1.18652,0.140673
3228,3,w,3,9,4,108,1.18652,0.307538
3229,3,w,3,9,5,109,1.18652,0.525
3230,3,w,3,9,6,110,1.18652,0.77824
3231,3,w,3,9,7,111,1.18652,1.05
3232,3,w,3,9,8,112,1.18652,1.32176
3233,3,w,3,9,9,113,1.18652,1.575
3234,3,w,3,9,10,114,1.18652,1.79246
3235,3,w,3,9,11,115,1.18652,1.95933
3236,3,w,3,9,12,116,1.18652,2.06422
3237,3,w,3,9,13,117,1.18652,2.1
3238,3,w,3,10,1,118,1.19407,0
3239,3,w,3,10,2,119,1.19407,0.0357779
3240,3,w,3,10,3,120,1.19407,0.140673
3241,3,w,3,10,4,121,1.19407,0.307538
3242,3,w,3,10,5,122,1.19407,0.525
3243,3,w,3,10,6,123,1.19407,0.77824
3244,3,w,3,10,7,124,1.19407,1.05
3245,3,w,3,10,8,125,1.19407,1.32176
3246,3,w,3,10,9,126,1.19407,1.575
3247,3,w,3,10,10,127,1.19407,1.79246
3248,3,w,3,10,11,128,1.19407,1.95933
3249,3,w,3,10,12,129,1.19407,2.06422
3250,3,w,3,10,13,130,1.19407,2.1
3251,3,w,3,11,1,131,1.20084,0
3252,3,w,3,11,2,132,1.20084,0.0357779
3253,3,w,3,11,3,133,1.20084,0.140673
3254,3,w,3,11,4,134,1.20084,0.307538
3255,3,w,3,11,5,135,1.20084,0.525
3256,3,w,3,11,6,136,1.20084,0.77824
3257,3,w,3,11,7,137,1.20084,1.05
3258,3,w,3,11,8,138,1.20084,1.32176
3259,3,w,3,11,9,139,1.20084,1.575
3260,3,w,3,11,10,140,1.20084,1.79246
3261,3,w,3,11,11,141,1.20084,1.95933
3262,3,w,3,11,12,142,1.20084,2.06422
3263,3,w,3,11,13,143,1.20084,2.1
3264,3,w,3,12,1,144,1.20649,0
3265,3,w,3,12,2,145,1.20649,0.0357779
3266,3,w,3,12,3,146,1.20649,0.140673
3267,3,w,3,12,4,147,1.20649,0.307538
3268,3,w,3,12,5,148,1.20649,0.525
3269,3,w,3,12,6,149,1.20649,0.77824
3270,3,w,3,12,7,150,1.20649,1.05
3271,3,w,3,12,8,151,1.20649,1.32176
3272,3,w,3,12,9,152,1.20649,1.575
3273,3,w,3,12,10,153,1.20649,1.79246
3274,3,w,3,12,11,154,1.20649,1.95933
3275,3,w,3,12,12,155,1.20649,2.06422
3276,3,w,3,12,13,156,1.20649,2.1
3277,3,w,3,13,1,157,1.21075,0
3278,3,w,3,13,2,158,1.21075,0.0357779
3279,3,w,3,13,3,159,1.21075,0.140673
3280,3,w,3,13,4,160,1.21075,0.307538
3281,3,w,3,13,5,161,1.21075,0.525
3282,3,w,3,13,6,162,1.21075,0.77824
3283,3,w,3,13,7,163,1.21075,1.05
3284,3,w,3,13,8,164,1.21075,1.32176
3285,3,w,3,13,9,165,1.21075,1.575
3286,3,w,3,13,10,166,1.21075,1.79246
3287,3,w,3,13,11,167,1.21075,1.95933
3288,3,w,3,13,12,168,1.21075,2.06422
3289,3,w,3,13,13,169,1.21075,2.1
3290,3,w,3,14,1,170,1.21339,0
3291,3,w,3,14,2,171,1.21339,0.0357779
3292,3,w,3,14,3,172,1.21339,0.140673
3293,3,w,3,14,4,173,1.21339,0.307538
3294,3,w,3,14,5,174,1.21339,0.525
3295,3,w,3,14,6,175,1.21339,0.77824
3296,3,w,3,14,7,176,1.21339,1.05
3297,3,w,3,14,8,177,1.21339,1.32176
3298,3,w,3,14,9,178,1.21339,1.575
3299,3,w,3,14,10,179,1.21339,1.79246
3300,3,w,3,14,11,180,1.21339,1.95933
3301,3,w,3,14,12,181,1.21339,2.06422
3302,3,w,3,14,13,182,1.21339,2.1
3303,3,w,3,15,1,183,1.21429,0
3304,3,w,3,15,2,184,1.21429,0.0357779
3305,3,w,3,15,3,185,1.21429,0.140673
3306,3,w,3,15,4,186,1.21429,0.307538
3307,3,w,3,15,5,187,1.21429,0.525
3308,3,w,3,15,6,188,1.21429,0.77824
3309,3,w,3,15,7,189,1.21429,1.05
3310,3,w,3,15,8,190,1.21429,1.32176
3311,3,w,3,15,9,191,1.21429,1.575
3312,3,w,3,15,10,192,1.21429,1.79246
3313,3,w,3,15,11,193,1.21429,1.95933
3314,3,w,3,15,12,194,1.21429,2.06422
3315,3,w,3,15,13,195,1.21429,2.1
3316,3,w,4,1,1,1,1.21429,0
3317,3,w,4,1,2,2,1.21429,0.0357779
3318,3,w,4,1,3,3,1.21429,0.140673
3319,3,w,4,1,4,4,1.21429,0.307538
3320,3,w,4,1,5,5,1.21429,0.525
3321,3,w,4,1,6,6,1.21429,0.77824
3322,3,w,4,1,7,7,1.21429,1.05
3323,3,w,4,1,8,8,1.21429,1.32176
3324,3,w,4,1,9,9,1.21429,1.575
3325,3,w,4,1,10,10,1.21429,1.79246
3326,3,w,4,1,11,11,1.21429,1.95933
3327,3,w,4,1,12,12,1.21429,2.06422
3328,3,w,4,1,13,13,1.21429,2.1
3329,3,w,4,2,1,14,1.21518,0
3330,3,w,4,2,2,15,1.21518,0.0357779
3331,3,w,4,2,3,16,1.21518,0.140673
3332,3,w,4,2,4,17,1.21518,0.307538
3333,3,w,4,2,5,18,1.21518,0.525
3334,3,w,4,2,6,19,1.21518,0.77824
3335,3,w,4,2,7,20,1.21518,1.05
3336,3,w,4,2,8,21,1.21518,1.32176
3337,3,w,4,2,9,22,1.21518,1.575
3338,3,w,4,2,10,23,1.21518,1.79246
3339,3,w,4,2,11,24,1.21518,1.95933
3340,3,w,4,2,12,25,1.21518,2.06422
3341,3,w,4,2,13,26,1.21518,2.1
3342,3,w,4,3,1,27,1.21782,0
3343,3,w,4,3,2,28,1.21782,0.0357779
3344,3,w,4,3,3,29,1.21782,0.140673
3345,3,w,4,3,4,30,1.21782,0.307538
3346,3,w,4,3,5,31,1.21782,0.525
3347,3,w,4,3,6,32,1.21782,0.77824
3348,3,w,4,3,7,33,1.21782,1.05
3349,3,w,4,3,8,34,1.21782,1.32176
3350,3,w,4,3,9,35,1.21782,1.575
3351,3,w,4,3,10,36,1.21782,1.79246
3352,3,w,4,3,11,37,1.21782,1.95933
3353,3,w,4,3,12,38,1.21782,2.06422
3354,3,w,4,3,13,39,1.21782,2.1
3355,3,w,4,4,1,40,1.22208,0
3356,3,w,4,4,2,41,1.22208,0.0357779
3357,3,w,4,4,3,42,1.22208,0.140673
3358,3,w,4,4,4,43,1.22208,0.307538
3359,3,w,4,4,5,44,1.22208,0.525
3360,3,w,4,4,6,45,1.22208,0.77824
3361,3,w,4,4,7,46,1.22208,1.05
3362,3,w,4,4,8,47,1.22208,1.32176
3363,3,w,4,4,9,48,1.22208,1.575
3364,3,w,4,4,10,49,1.22208,1.79246
3365,3,w,4,4,11,50,1.22208,1.95933
3366,3,w,4,4,12,51,1.22208,2.06422
3367,3,w,4,4,13,52,1.22208,2.1
3368,3,w,4,5,1,53,1.22773,0
3369,3,w,4,5,2,54,1.22773,0.0357779
3370,3,w,4,5,3,55,1.22773,0.140673
3371,3,w,4,5,4,56,1.22773,0.307538
3372,3,w,4,5,5,57,1.22773,0.525
3373,3,w,4,5,6,58,1.22773,0.77824
3374,3,w,4,5,7,59,1.22773,1.05
3375,3,w,4,5,8,60,1.22773,1.32176
3376,3,w,4,5,9,61,1.22773,1.575
3377,3,w,4,5,10,62,1.22773,1.79246
3378,3,w,4,5,11,63,1.22773,1.95933
3379,3,w,4,5,12,64,1.22773,2.06422
3380,3,w,4,5,13,65,1.22773,2.1
3381,3,w,4,6,1,66,1.2345,0
3382,3,w,4,6,2,67,1.2345,0.0357779
3383,3,w,4,6,3,68,1.2345,0.140673
3384,3,w,4,6,4,69,1.2345,0.307538
3385,3,w,4,6,5,70,1.2345,0.525
3386,3,w,4,6,6,71,1.2345,0.77824
3387,3,w,4,6,7,72,1.2345,1.05
3388,3,w,4,6,8,73,1.2345,1.32176
3389,3,w,4,6,9,74,1.2345,1.575
3390,3,w,4,6,10,75,1.2345,1.79246
3391,3,w,4,6,11,76,1.2345,1.95933
3392,3,w,4,6,12,77,1.2345,2.06422
3393,3,w,4,6,13,78,1.2345,2.1
3394,3,w,4,7,1,79,1.24205,0
3395,3,w,4,7,2,80,1.24205,0.0357779
3396,3,w,4,7,3,81,1.24205,0.140673
3397,3,w,4,7,4,82,1.24205,0.307538
3398,3,w,4,7,5,83,1.24205,0.525
3399,3,w,4,7,6,84,1.24205,0.77824
3400,3,w,4,7,7,85,1.24205,1.05
3401,3,w,4,7,8,86,1.24205,1.32176
3402,3,w,4,7,9,87,1.24205,1.575
3403,3,w,4,7,10,88,1.24205,1.79246
3404,3,w,4,7,11,89,1.24205,1.95933
3405,3,w,4,7,12,90,1.24205,2.06422
3406,3,w,4,7,13,91,1.24205,2.1
3407,3,w,4,8,1,92,1.25,0
3408,3,w,4,8,2,93,1.25,0.0357779
3409,3,w,4,8,3,94,1.25,0.140673
3410,3,w,4,8,4,95,1.25,0.307538
3411,3,w,4,8,5,96,1.25,0.525
3412,3,w,4,8,6,97,1.25,0.77824
3413,3,w,4,8,7,98,1.25,1.05
3414,3,w,4,8,8,99,1.25,1.32176
3415,3,w,4,8,9,100,1.25,1.575
3416,3,w,4,8,10,101,1.25,1.79246
3417,3,w,4,8,11,102,1.25,1.95933
3418,3,w,4,8,12,103,1.25,2.06422
3419,3,w,4,8,13,104,1.25,2.1
3420,3,w,4,9,1,105,1.25795,0
3421,3,w,4,9,2,106,1.25795,0.0357779
3422,3,w,4,9,3,107,1.25795,0.140673
3423,3,w,4,9,4,108,1.25795,0.307538
3424,3,w,4,9,5,109,1.25795,0.525
3425,3,w,4,9,6,110,1.25795,0.77824
3426,3,w,4,9,7,111,1.25795,1.05
3427,3,w,4,9,8,112,1.25795,1.32176
3428,3,w,4,9,9,113,1.25795,1.575
3429,3,w,4,9,10,114,1.25795,1.79246
3430,3,w,4,9,11,115,1.25795,1.95933
3431,3,w,4,9,12,116,1.25795,2.06422
3432,3,w,4,9,13,117,1.25795,2.1
3433,3,w,4,10,1,118,1.2655,0
3434,3,w,4,10,2,119,1.2655,0.0357779
3435,3,w,4,10,3,120,1.2655,0.140673
3436,3,w,4,10,4,121,1.2655,0.307538
3437,3,w,4,10,5,122,1.2655,0.525
3438,3,w,4,10,6,123,1.2655,0.77824
3439,3,w,4,10,7,124,1.2655,1.05
3440,3,w,4,10,8,125,1.2655,1.32176
3441,3,w,4,10,9,126,1.2655,1.575
3442,3,w,4,10,10,127,1.2655,1.79246
3443,3,w,4,10,11,128,1.2655,1.95933
3444,3,w,4,10,12,129,1.2655,2.06422
3445,3,w,4,10,13,130,1.2655,2.1
3446,3,w,4,11,1,131,1.27227,0
3447,3,w,4,11,2,132,1.27227,0.0357779
3448,3,w,4,11,3,133,1.27227,0.140673
3449,3,w,4,11,4,134,1.27227,0.307538
3450,3,w,4,11,5,135,1.27227,0.525
3451,3,w,4,11,6,136,1.27227,0.77824
3452,3,w,4,11,7,137,1.27227,1.05
3453,3,w,4,11,8,138,1.27227,1.32176
3454,3,w,4,11,9,139,1.27227,1.575
3455,3,w,4,11,10,140,1.27227,1.79246
3456,3,w,4,11,11,141,1.27227,1.95933
3457,3,w,4,11,12,142,1.27227,2.06422
3458,3,w,4,11,13,143,1.27227,2.1
3459,3,w,4,12,1,144,1.27792,0
3460,3,w,4,12,2,145,1.27792,0.0357779
3461,3,w,4,12,3,146,1.27792,0.140673
3462,3,w,4,12,4,147,1.27792,0.307538
3463,3,w,4,12,5,148,1.27792,0.525
3464,3,w,4,12,6,149,1.27792,0.77824
3465,3,w,4,12,7,150,1.27792,1.05
3466,3,w,4,12,8,151,1.27792,1.32176
3467,3,w,4,12,9,152,1.27792,1.575
3468,3,w,4,12,10,153,1.27792,1.79246
3469,3,w,4,12,11,154,1.27792,1.95933
3470,3,w,4,12,12,155,1.27792,2.06422
3471,3,w,4,12,13,156,1.27792,2.1
3472,3,w,4,13,1,157,1.28218,0
3473,3,w,4,13,2,158,1.28218,0.0357779
3474,3,w,4,13,3,159,1.28218,0.140673
3475,3,w,4,13,4,160,1.28218,0.307538
3476,3,w,4,13,5,161,1.28218,0.525
3477,3,w,4,13,6,162,1.28218,0.77824
3478,3,w,4,13,7,163,1.28218,1.05
3479,3,w,4,13,8,164,1.28218,1.32176
3480,3,w,4,13,9,165,1.28218,1.575
3481,3,w,4,13,10,166,1.28218,1.79246
3482,3,w,4,13,11,167,1.28218,1.95933
3483,3,w,4,13,12,168,1.28218,2.06422
3484,3,w,4,13,13,169,1.28218,2.1
3485,3,w,4,14,1,170,1.28482,0
3486,3,w,4,14,2,171,1.28482,0.0357779
3487,3,w,4,14,3,172,1.28482,0.140673
3488,3,w,4,14,4,173,1.28482,0.307538
3489,3,w,4,14,5,174,1.28482,0.525
3490,3,w,4,14,6,175,1.28482,0.77824
3491,3,w,4,14,7,176,1.28482,1.05
3492,3,w,4,14,8,177,1.28482,1.32176
3493,3,w,4,14,9,178,1.28482,1.575
3494,3,w,4,14,10,179,1.28482,1.79246
3495,3,w,4,14,11,180,1.28482,1.95933
3496,3,w,4,14,12,181,1.28482,2.06422
3497,3,w,4,14,13,182,1.28482,2.1
3498,3,w,4,15,1,183,1.28571,0
3499,3,w,4,15,2,184,1.28571,0.0357779
3500,3,w,4,15,3,185,1.28571,0.140673
3501,3,w,4,15,4,186,1.28571,0.307538
3502,3,w,4,15,5,187,1.28571,0.525
3503,3,w,4,15,6,188,1.28571,0.77824
3504,3,w,4,15,7,189,1.28571,1.05
3505,3,w,4,15,8,190,1.28571,1.32176
3506,3,w,4,15,9,191,1.28571,1.575
3507,3,w,4,15,10,192,1.28571,1.79246
3508,3,w,4,15,11,193,1.28571,1.95933
3509,3,w,4,15,12,194,1.28571,2.06422
3510,3,w,4,15,13,195,1.28571,2.1
3511,3,w,5,1,1,1,1.28571,0
3512,3,w,5,1,2,2,1.28571,0.0357779
3513,3,w,5,1,3,3,1.28571,0.140673
3514,3,w,5,1,4,4,1.28571,0.307538
3515,3,w,5,1,5,5,1.28571,0.525
3516,3,w,5,1,6,6,1.28571,0.77824
3517,3,w,5,1,7,7,1.28571,1.05
3518,3,w,5,1,8,8,1.28571,1.32176
3519,3,w,5,1,9,9,1.28571,1.575
3520,3,w,5,1,10,10,1.28571,1.79246
3521,3,w,5,1,11,11,1.28571,1.95933
3522,3,w,5,1,12,12,1.28571,2.06422
3523,3,w,5,1,13,13,1.28571,2.1
3524,3,w,5,2,1,14,1.28661,0
3525,3,w,5,2,2,15,1.28661,0.0357779
3526,3,w,5,2,3,16,1.28661,0.140673
3527,3,w,5,2,4,17,1.28661,0.307538
3528,3,w,5,2,5,18,1.28661,0.525
3529,3,w,5,2,6,19,1.28661,0.77824
3530,3,w,5,2,7,20,1.28661,1.05
3531,3,w,5,2,8,21,1.28661,1.32176
3532,3,w,5,2,9,22,1.28661,1.575
3533,3,w,5,2,10,23,1.28661,1.79246
3534,3,w,5,2,11,24,1.28661,1.95933
3535,3,w,5,2,12,25,1.28661,2.06422
3536,3,w,5,2,13,26,1.28661,2.1
3537,3,w,5,3,1,27,1.28925,0
3538,3,w,5,3,2,28,1.28925,0.0357779
3539,3,w,5,3,3,29,1.28925,0.140673
3540,3,w,5,3,4,30,1.28925,0.307538
3541,3,w,5,3,5,31,1.28925,0.525
3542,3,w,5,3,6,32,1.28925,0.77824
3543,3,w,5,3,7,33,1.28925,1.05
3544,3,w,5,3,8,34,1.28925,1.32176
3545,3,w,5,3,9,35,1.28925,1.575
3546,3,w,5,3,10,36,1.28925,1.79246
3547,3,w,5,3,11,37,1.28925,1.95933
3548,3,w,5,3,12,38,1.28925,2.06422
3549,3,w,5,3,13,39,1.28925,2.1
3550,3,w,5,4,1,40,1.29351,0
3551,3,w,5,4,2,41,1.29351,0.0357779
3552,3,w,5,4,3,42,1.29351,0.140673
3553,3,w,5,4,4,43,1.29351,0.307538
3554,3,w,5,4,5,44,1.29351,0.525
3555,3,w,5,4,6,45,1.29351,0.77824
3556,3,w,5,4,7,46,1.29351,1.05
3557,3,w,5,4,8,47,1.29351,1.32176
3558,3,w,5,4,9,48,1.29351,1.575
3559,3,w,5,4,10,49,1.29351,1.79246
3560,3,w,5,4,11,50,1.29351,1.95933
3561,3,w,5,4,12,51,1.29351,2.06422
3562,3,w,5,4,13,52,1.29351,2.1
3563,3,w,5,5,1,53,1.29916,0
3564,3,w,5,5,2,54,1.29916,0.0357779
3565,3,w,5,5,3,55,1.29916,0.140673
3566,3,w,5,5,4,56,1.29916,0.307538
3567,3,w,5,5,5,57,1.29916,0.525
3568,3,w,5,5,6,58,1.29916,0.77824
3569,3,w,5,5,7,59,1.29916,1.05
3570,3,w,5,5,8,60,1.29916,1.32176
3571,3,w,5,5,9,61,1.29916,1.575
3572,3,w,5,5,10,62,1.29916,1.79246
3573,3,w,5,5,11,63,1.29916,1.95933
3574,3,w,5,5,12,64,1.29916,2.06422
3575,3,w,5,5,13,65,1.29916,2.1
3576,3,w,5,6,1,66,1.30593,0
3577,3,w,5,6,2,67,1.30593,0.0357779
3578,3,w,5,6,3,68,1.30593,0.140673
3579,3,w,5,6,4,69,1.30593,0.307538
3580,3,w,5,6,5,70,1.30593,0.525
3581,3,w,5,6,6,71,1.30593,0.77824
3582,3,w,5,6,7,72,1.30593,1.05
3583,3,w,5,6,8,73,1.30593,1.32176
3584,3,w,5,6,9,74,1.30593,1.575
3585,3,w,5,6,10,75,1.30593,1.79246
3586,3,w,5,6,11,76,1.30593,1.95933
3587,3,w,5,6,12,77,1.30593,2.06422
3588,3,w,5,6,13,78,1.30593,2.1
3589,3,w,5,7,1,79,1.31348,0
3590,3,w,5,7,2,80,1.31348,0.0357779
3591,3,w,5,7,3,81,1.31348,0.140673
3592,3,w,5,7,4,82,1.31348,0.307538
3593,3,w,5,7,5,83,1.31348,0.525
3594,3,w,5,7,6,84,1.31348,0.77824
3595,3,w,5,7,7,85,1.31348,1.05
3596,3,w,5,7,8,86,1.31348,1.32176
3597,3,w,5,7,9,87,1.31348,1.575
3598,3,w,5,7,10,88,1.31348,1.79246
3599,3,w,5,7,11,89,1.31348,1.95933
3600,3,w,5,7,12,90,1.31348,2.06422
3601,3,w,5,7,13,91,1.31348,2.1
3602,3,w,5,8,1,92,1.32143,0
3603,3,w,5,8,2,93,1.32143,0.0357779
3604,3,w,5,8,3,94,1.32143,0.140673
3605,3,w,5,8,4,95,1.32143,0.307538
3606,3,w,5,8,5,96,1.32143,0.525
3607,3,w,5,8,6,97,1.32143,0.77824
3608,3,w,5,8,7,98,1.32143,1.05
3609,3,w,5,8,8,99,1.32143,1.32176
3610,3,w,5,8,9,100,1.32143,1.575
3611,3,w,5,8,10,101,1.32143,1.79246
3612,3,w,5,8,11,102,1.32143,1.95933
3613,3,w,5,8,12,103,1.32143,2.06422
3614,3,w,5,8,13,104,1.32143,2.1
3615,3,w,5,9,1,105,1.32938,0
3616,3,w,5,9,2,106,1.32938,0.0357779
3617,3,w,5,9,3,107,1.32938,0.140673
3618,3,w,5,9,4,108,1.32938,0.307538
3619,3,w,5,9,5,109,1.32938,0.525
3620,3,w,5,9,6,110,1.32938,0.77824
3621,3,w,5,9,7,111,1.32938,1.05
3622,3,w,5,9,8,112,1.32938,1.32176
3623,3,w,5,9,9,113,1.32938,1.575
3624,3,w,5,9,10,114,1.32938,1.79246
3625,3,w,5,9,11,115,1.32938,1.95933
3626,3,w,5,9,12,116,1.32938,2.06422
3627,3,w,5,9,13,117,1.32938,2.1
3628,3,w,5,10,1,118,1.33692,0
3629,3,w,5,10,2,119,1.33692,0.0357779
3630,3,w,5,10,3,120,1.33692,0.140673
3631,3,w,5,10,4,121,1.33692,0.307538
3632,3,w,5,10,5,122,1.33692,0.525
3633,3,w,5,10,6,123,1.33692,0.77824
3634,3,w,5,10,7,124,1.33692,1.05
3635,3,w,5,10,8,125,1.33692,1.32176
3636,3,w,5,10,9,126,1.33692,1.575
3637,3,w,5,10,10,127,1.33692,1.79246
3638,3,w,5,10,11,128,1.33692,1.95933
3639,3,w,5,10,12,129,1.33692,2.06422
3640,3,w,5,10,13,130,1.33692,2.1
3641,3,w,5,11,1,131,1.3437,0
3642,3,w,5,11,2,132,1.3437,0.0357779
3643,3,w,5,11,3,133,1.3437,0.140673
3644,3,w,5,11,4,134,1.3437,0.307538
3645,3,w,5,11,5,135,1.3437,0.525
3646,3,w,5,11,6,136,1.3437,0.77824
3647,3,w,5,11,7,137,1.3437,1.05
3648,3,w,5,11,8,138,1.3437,1.32176
3649,3,w,5,11,9,139,1.3437,1.575
3650,3,w,5,11,10,140,1.3437,1.79246
3651,3,w,5,11,11,141,1.3437,1.95933
3652,3,w,5,11,12,142,1.3437,2.06422
3653,3,w,5,11,13,143,1.3437,2.1
3654,3,w,5,12,1,144,1.34935,0
3655,3,w,5,12,2,145,1.34935,0.0357779
3656,3,w,5,12,3,146,1.34935,0.140673
3657,3,w,5,12,4,147,1.34935,0.307538
3658,3,w,5,12,5,148,1.34935,0.525
3659,3,w,5,12,6,149,1.34935,0.77824
3660,3,w,5,12,7,150,1.34935,1.05
3661,3,w,5,12,8,151,1.34935,1.32176
3662,3,w,5,12,9,152,1.34935,1.575
3663,3,w,5,12,10,153,1.34935,1.79246
3664,3,w,5,12,11,154,1.34935,1.95933
3665,3,w,5,12,12,155,1.34935,2.06422
3666,3,w,5,12,13,156,1.34935,2.1
3667,3,w,5,13,1,157,1.35361,0
3668,3,w,5,13,2,158,1.35361,0.0357779
3669,3,w,5,13,3,159,1.35361,0.140673
3670,3,w,5,13,4,160,1.35361,0.307538
3671,3,w,5,13,5,161,1.35361,0.525
3672,3,w,5,13,6,162,1.35361,0.77824
3673,3,w,5,13,7,163,1.35361,1.05
3674,3,w,5,13,8,164,1.35361,1.32176
3675,3,w,5,13,9,165,1.35361,1.575
3676,3,w,5,13,10,166,1.35361,1.79246
3677,3,w,5,13,11,167,1.35361,1.95933
3678,3,w,5,13,12,168,1.35361,2.06422
3679,3,w,5,13,13,169,1.35361,2.1
3680,3,w,5,14,1,170,1.35625,0
3681,3,w,5,14,2,171,1.35625,0.0357779
3682,3,w,5,14,3,172,1.35625,0.140673
3683,3,w,5,14,4,173,1.35625,0.307538
3684,3,w,5,14,5,174,1.35625,0.525
3685,3,w,5,14,6,175,1.35625,0.77824
3686,3,w,5,14,7,176,1.35625,1.05
3687,3,w,5,14,8,177,1.35625,1.32176
3688,3,w,5,14,9,178,1.35625,1.575
3689,3,w,5,14,10,179,1.35625,1.79246
3690,3,w,5,14,11,180,1.35625,1.95933
3691,3,w,5,14,12,181,1.35625,2.06422
3692,3,w,5,14,13,182,1.35625,2.1
3693,3,w,5,15,1,183,1.35714,0
3694,3,w,5,15,2,184,1.35714,0.0357779
3695,3,w,5,15,3,185,1.35714,0.140673
3696,3,w,5,15,4,186,1.35714,0.307538
3697,3,w,5,15,5,187,1.35714,0.525
3698,3,w,5,15,6,188,1.35714,0.77824
3699,3,w,5,15,7,189,1.35714,1.05
3700,3,w,5,15,8,190,1.35714,1.32176
3701,3,w,5,15,9,191,1.35714,1.575
3702,3,w,5,15,10,192,1.35714,1.79246
3703,3,w,5,15,11,193,1.35714,1.95933
3704,3,w,5,15,12,194,1.35714,2.06422
3705,3,w,5,15,13,195,1.35714,2.1
3706,3,w,6,1,1,1,1.35714,0
3707,3,w,6,1,2,2,1.35714,0.0357779
3708,3,w,6,1,3,3,1.35714,0.140673
3709,3,w,6,1,4,4,1.35714,0.307538
3710,3,w,6,1,5,5,1.35714,0.525
3711,3,w,6,1,6,6,1.35714,0.77824
3712,3,w,6,1,7,7,1.35714,1.05
3713,3,w,6,1,8,8,1.35714,1.32176
3714,3,w,6,1,9,9,1.35714,1.575
3715,3,w,6,1,10,10,1.35714,1.79246
3716,3,w,6,1,11,11,1.35714,1.95933
3717,3,w,6,1,12,12,1.35714,2.06422
3718,3,w,6,1,13,13,1.35714,2.1
3719,3,w,6,2,1,14,1.35804,0
3720,3,w,6,2,2,15,1.35804,0.0357779
3721,3,w,6,2,3,16,1.35804,0.140673
3722,3,w,6,2,4,17,1.35804,0.307538
3723,3,w,6,2,5,18,1.35804,0.525
3724,3,w,6,2,6,19,1.35804,0.77824
3725,3,w,6,2,7,20,1.35804,1.05
3726,3,w,6,2,8,21,1.35804,1.32176
3727,3,w,6,2,9,22,1.35804,1.575
3728,3,w,6,2,10,23,1.35804,1.79246
3729,3,w,6,2,11,24,1.35804,1.95933
3730,3,w,6,2,12,25,1.35804,2.06422
3731,3,w,6,2,13,26,1.35804,2.1
3732,3,w,6,3,1,27,1.36068,0
3733,3,w,6,3,2,28,1.36068,0.0357779
3734,3,w,6,3,3,29,1.36068,0.140673
3735,3,w,6,3,4,30,1.36068,0.307538
3736,3,w,6,3,5,31,1.36068,0.525
3737,3,w,6,3,6,32,1.36068,0.77824
3738,3,w,6,3,7,33,1.36068,1.05
3739,3,w,6,3,8,34,1.36068,1.32176
3740,3,w,6,3,9,35,1.36068,1.575
3741,3,w,6,3,10,36,1.36068,1.79246
3742,3,w,6,3,11,37,1.36068,1.95933
3743,3,w,6,3,12,38,1.36068,2.06422
3744,3,w,6,3,13,39,1.36068,2.1
3745,3,w,6,4,1,40,1.36493,0
3746,3,w,6,4,2,41,1.36493,0.0357779
3747,3,w,6,4,3,42,1.36493,0.140673
3748,3,w,6,4,4,43,1.36493,0.307538
3749,3,w,6,4,5,44,1.36493,0.525
3750,3,w,6,4,6,45,1.36493,0.77824
3751,3,w,6,4,7,46,1.36493,1.05
3752,3,w,6,4,8,47,1.36493,1.32176
3753,3,w,6,4,9,48,1.36493,1.575
3754,3,w,6,4,10,49,1.36493,1.79246
3755,3,w,6,4,11,50,1.36493,1.95933
3756,3,w,6,4,12,51,1.36493,2.06422
3757,3,w,6,4,13,52,1.36493,2.1
3758,3,w,6,5,1,53,1.37059,0
3759,3,w,6,5,2,54,1.37059,0.0357779
3760,3,w,6,5,3,55,1.37059,0.140673
3761,3,w,6,5,4,56,1.37059,0.307538
3762,3,w,6,5,5,57,1.37059,0.525
3763,3,w,6,5,6,58,1.37059,0.77824
3764,3,w,6,5,7,59,1.37059,1.05
3765,3,w,6,5,8,60,1.37059,1.32176
3766,3,w,6,5,9,61,1.37059,1.575
3767,3,w,6,5,10,62,1.37059,1.79246
3768,3,w,6,5,11,63,1.37059,1.95933
3769,3,w,6,5,12,64,1.37059,2.06422
3770,3,w,6,5,13,65,1.37059,2.1
3771,3,w,6,6,1,66,1.37736,0
3772,3,w,6,6,2,67,1.37736,0.0357779
3773,3,w,6,6,3,68,1.37736,0.140673
3774,3,w,6,6,4,69,1.37736,0.307538
3775,3,w,6,6,5,70,1.37736,0.525
3776,3,w,6,6,6,71,1.37736,0.77824
3777,3,w,6,6,7,72,1.37736,1.05
3778,3,w,6,6,8,73,1.37736,1.32176
3779,3,w,6,6,9,74,1.37736,1.575
3780,3,w,6,6,10,75,1.37736,1.79246
3781,3,w,6,6,11,76,1.37736,1.95933
3782,3,w,6,6,12,77,1.37736,2.06422
3783,3,w,6,6,13,78,1.37736,2.1
3784,3,w,6,7,1,79,1.38491,0
3785,3,w,6,7,2,80,1.38491,0.0357779
3786,3,w,6,7,3,81,1.38491,0.140673
3787,3,w,6,7,4,82,1.38491,0.307538
3788,3,w,6,7,5,83,1.38491,0.525
3789,3,w,6,7,6,84,1.38491,0.77824
3790,3,w,6,7,7,85,1.38491,1.05
3791,3,w,6,7,8,86,1.38491,1.32176
3792,3,w,6,7,9,87,1.38491,1.575
3793,3,w,6,7,10,88,1.38491,1.79246
3794,3,w,6,7,11,89,1.38491,1.95933
3795,3,w,6,7,12,90,1.38491,2.06422
3796,3,w,6,7,13,91,1.38491,2.1
3797,3,w,6,8,1,92,1.39286,0
3798,3,w,6,8,2,93,1.39286,0.0357779
3799,3,w,6,8,3,94,1.39286,0.140673
3800,3,w,6,8,4,95,1.39286,0.307538
3801,3,w,6,8,5,96,1.39286,0.525
3802,3,w,6,8,6,97,1.39286,0.77824
3803,3,w,6,8,7,98,1.39286,1.05
3804,3,w,6,8,8,99,1.39286,1.32176
3805,3,w,6,8,9,100,1.39286,1.575
3806,3,w,6,8,10,101,1.39286,1.79246
3807,3,w,6,8,11,102,1.39286,1.95933
3808,3,w,6,8,12,103,1.39286,2.06422
3809,3,w,6,8,13,104,1.39286,2.1
3810,3,w,6,9,1,105,1.4008,0
3811,3,w,6,9,2,106,1.4008,0.0357779
3812,3,w,6,9,3,107,1.4008,0.140673
3813,3,w,6,9,4,108,1.4008,0.307538
3814,3,w,6,9,5,109,1.4008,0.525
3815,3,w,6,9,6,110,1.4008,0.77824
3816,3,w,6,9,7,111,1.4008,1.05
3817,3,w,6,9,8,112,1.4008,1.32176
3818,3,w,6,9,9,113,1.4008,1.575
3819,3,w,6,9,10,114,1.4008,1.79246
3820,3,w,6,9,11,115,1.4008,1.95933
3821,3,w,6,9,12,116,1.4008,2.06422
3822,3,w,6,9,13,117,1.4008,2.1
3823,3,w,6,10,1,118,1.40835,0
3824,3,w,6,10,2,119,1.40835,0.0357779
3825,3,w,6,10,3,120,1.40835,0.140673
3826,3,w,6,10,4,121,1.40835,0.307538
3827,3,w,6,10,5,122,1.40835,0.525
3828,3,w,6,10,6,123,1.40835,0.77824
3829,3,w,6,10,7,124,1.40835,1.05
3830,3,w,6,10,8,125,1.40835,1.32176
3831,3,w,6,10,9,126,1.40835,1.575
3832,3,w,6,10,10,127,1.40835,1.79246
3833,3,w,6,10,11,128,1.40835,1.95933
3834,3,w,6,10,12,129,1.40835,2.06422
3835,3,w,6,10,13,130,1.40835,2.1
3836,3,w,6,11,1,131,1.41512,0
3837,3,w,6,11,2,132,1.41512,0.0357779
3838,3,w,6,11,3,133,1.41512,0.140673
3839,3,w,6,11,4,134,1.41512,0.307538
3840,3,w,6,11,5,135,1.41512,0.525
3841,3,w,6,11,6,136,1.41512,0.77824
3842,3,w,6,11,7,137,1.41512,1.05
3843,3,w,6,11,8,138,1.41512,1.32176
3844,3,w,6,11,9,139,1.41512,1.575
3845,3,w,6,11,10,140,1.41512,1.79246
3846,3,w,6,11,11,141,1.41512,1.95933
3847,3,w,6,11,12,142,1.41512,2.06422
3848,3,w,6,11,13,143,1.41512,2.1
3849,3,w,6,12,1,144,1.42078,0
3850,3,w,6,12,2,145,1.42078,0.0357779
3851,3,w,6,12,3,146,1.42078,0.140673
3852,3,w,6,12,4,147,1.42078,0.307538
3853,3,w,6,12,5,148,1.42078,0.525
3854,3,w,6,12,6,149,1.42078,0.77824
3855,3,w,6,12,7,150,1.42078,1.05
3856,3,w,6,12,8,151,1.42078,1.32176
3857,3,w,6,12,9,152,1.42078,1.575
3858,3,w,6,12,10,153,1.42078,1.79246
3859,3,w,6,12,11,154,1.42078,1.95933
3860,3,w,6,12,12,155,1.42078,2.06422
3861,3,w,6,12,13,156,1.42078,2.1
3862,3,w,6,13,1,157,1.42503,0
3863,3,w,6,13,2,158,1.42503,0.0357779
3864,3,w,6,13,3,159,1.42503,0.140673
3865,3,w,6,13,4,160,1.42503,0.307538
3866,3,w,6,13,5,161,1.42503,0.525
3867,3,w,6,13,6,162,1.42503,0.77824
3868,3,w,6,13,7,163,1.42503,1.05
3869,3,w,6,13,8,164,1.42503,1.32176
3870,3,w,6,13,9,165,1.42503,1.575
3871,3,w,6,13,10,166,1.42503,1.79246
3872,3,w,6,13,11,167,1.42503,1.95933
3873,3,w,6,13,12,168,1.42503,2.06422
3874,3,w,6,13,13,169,1.42503,2.1
3875,3,w,6,14,1,170,1.42768,0
3876,3,w,6,14,2,171,1.42768,0.0357779
3877,3,w,6,14,3,172,1.42768,0.140673
3878,3,w,6,14,4,173,1.42768,0.307538
3879,3,w,6,14,5,174,1.42768,0.525
3880,3,w,6,14,6,175,1.42768,0.77824
3881,3,w,6,14,7,176,1.42768,1.05
3882,3,w,6,14,8,177,1.42768,1.32176
3883,3,w,6,14,9,178,1.42768,1.575
3884,3,w,6,14,10,179,1.42768,1.79246
3885,3,w,6,14,11,180,1.42768,1.95933
3886,3,w,6,14,12,181,1.42768,2.06422
3887,3,w,6,14,13,182,1.42768,2.1
3888,3,w,6,15,1,183,1.42857,0
3889,3,w,6,15,2,184,1.42857,0.0357779
3890,3,w,6,15,3,185,1.42857,0.140673
3891,3,w,6,15,4,186,1.42857,0.307538
3892,3,w,6,15,5,187,1.42857,0.525
3893,3,w,6,15,6,188,1.42857,0.77824
3894,3,w,6,15,7,189,1.42857,1.05
3895,3,w,6,15,8,190,1.42857,1.32176
3896,3,w,6,15,9,191,1.42857,1.575
3897,3,w,6,15,10,192,1.42857,1.79246
3898,3,w,6,15,11,193,1.42857,1.95933
3899,3,w,6,15,12,194,1.42857,2.06422
3900,3,w,6,15,13,195,1.42857,2.1
3901,3,w,7,1,1,1,1.42857,0
3902,3,w,7,1,2,2,1.42857,0.0357779
3903,3,w,7,1,3,3,1.42857,0.140673
3904,3,w,7,1,4,4,1.42857,0.307538
3905,3,w,7,1,5,5,1.42857,0.525
3906,3,w,7,1,6,6,1.42857,0.77824
3907,3,w,7,1,7,7,1.42857,1.05
3908,3,w,7,1,8,8,1.42857,1.32176
3909,3,w,7,1,9,9,1.42857,1.575
3910,3,w,7,1,10,10,1.42857,1.79246
3911,3,w,7,1,11,11,1.42857,1.95933
3912,3,w,7,1,12,12,1.42857,2.06422
3913,3,w,7,1,13,13,1.42857,2.1
3914,3,w,7,2,1,14,1.42947,0
3915,3,w,7,2,2,15,1.42947,0.0357779
3916,3,w,7,2,3,16,1.42947,0.140673
3917,3,w,7,2,4,17,1.42947,0.307538
3918,3,w,7,2,5,18,1.42947,0.525
3919,3,w,7,2,6,19,1.42947,0.77824
3920,3,w,7,2,7,20,1.42947,1.05
3921,3,w,7,2,8,21,1.42947,1.32176
3922,3,w,7,2,9,22,1.42947,1.575
3923,3,w,7,2,10,23,1.42947,1.79246
3924,3,w,7,2,11,24,1.42947,1.95933
3925,3,w,7,2,12,25,1.42947,2.06422
3926,3,w,7,2,13,26,1.42947,2.1
3927,3,w,7,3,1,27,1.43211,0
3928,3,w,7,3,2,28,1.43211,0.0357779
3929,3,w,7,3,3,29,1.43211,0.140673
3930,3,w,7,3,4,30,1.43211,0.307538
3931,3,w,7,3,5,31,1.43211,0.525
3932,3,w,7,3,6,32,1.43211,0.77824
3933,3,w,7,3,7,33,1.43211,1.05
3934,3,w,7,3,8,34,1.43211,1.32176
3935,3,w,7,3,9,35,1.43211,1.575
3936,3,w,7,3,10,36,1.43211,1.79246
3937,3,w,7,3,11,37,1.43211,1.95933
3938,3,w,7,3,12,38,1.43211,2.06422
3939,3,w,7,3,13,39,1.43211,2.1
3940,3,w,7,4,1,40,1.43636,0
3941,3,w,7,4,2,41,1.43636,0.0357779
3942,3,w,7,4,3,42,1.43636,0.140673
3943,3,w,7,4,4,43,1.43636,0.307538
3944,3,w,7,4,5,44,1.43636,0.525
3945,3,w,7,4,6,45,1.43636,0.77824
3946,3,w,7,4,7,46,1.43636,1.05
3947,3,w,7,4,8,47,1.43636,1.32176
3948,3,w,7,4,9,48,1.43636,1.575
3949,3,w,7,4,10,49,1.43636,1.79246
3950,3,w,7,4,11,50,1.43636,1.95933
3951,3,w,7,4,12,51,1.43636,2.06422
3952,3,w,7,4,13,52,1.43636,2.1
3953,3,w,7,5,1,53,1.44202,0
3954,3,w,7,5,2,54,1.44202,0.0357779
3955,3,w,7,5,3,55,1.44202,0.140673
3956,3,w,7,5,4,56,1.44202,0.307538
3957,3,w,7,5,5,57,1.44202,0.525
3958,3,w,7,5,6,58,1.44202,0.77824
3959,3,w,7,5,7,59,1.44202,1.05
3960,3,w,7,5,8,60,1.44202,1.32176
3961,3,w,7,5,9,61,1.44202,1.575
3962,3,w,7,5,10,62,1.44202,1.79246
3963,3,w,7,5,11,63,1.44202,1.95933
3964,3,w,7,5,12,64,1.44202,2.06422
3965,3,w,7,5,13,65,1.44202,2.1
3966,3,w,7,6,1,66,1.44879,0
3967,3,w,7,6,2,67,1.44879,0.0357779
3968,3,w,7,6,3,68,1.44879,0.140673
3969,3,w,7,6,4,69,1.44879,0.307538
3970,3,w,7,6,5,70,1.44879,0.525
3971,3,w,7,6,6,71,1.44879,0.77824
3972,3,w,7,6,7,72,1.44879,1.05
3973,3,w,7,6,8,73,1.44879,1.32176
3974,3,w,7,6,9,74,1.44879,1.575
3975,3,w,7,6,10,75,1.44879,1.79246
3976,3,w,7,6,11,76,1.44879,1.95933
3977,3,w,7,6,12,77,1.44879,2.06422
3978,3,w,7,6,13,78,1.44879,2.1
3979,3,w,7,7,1,79,1.45634,0
3980,3,w,7,7,2,80,1.45634,0.0357779
3981,3,w,7,7,3,81,1.45634,0.140673
3982,3,w,7,7,4,82,1.45634,0.307538
3983,3,w,7,7,5,83,1.45634,0.525
3984,3,w,7,7,6,84,1.45634,0.77824
3985,3,w,7,7,7,85,1.45634,1.05
3986,3,w,7,7,8,86,1.45634,1.32176
3987,3,w,7,7,9,87,1.45634,1.575
3988,3,w,7,7,10,88,1.45634,1.79246
3989,3,w,7,7,11,89,1.45634,1.95933
3990,3,w,7,7,12,90,1.45634,2.06422
3991,3,w,7,7,13,91,1.45634,2.1
3992,3,w,7,8,1,92,1.46429,0
3993,3,w,7,8,2,93,1.46429,0.0357779
3994,3,w,7,8,3,94,1.46429,0.140673
3995,3,w,7,8,4,95,1.46429,0.307538
3996,3,w,7,8,5,96,1.46429,0.525
3997,3,w,7,8,6,97,1.46429,0.77824
3998,3,w,7,8,7,98,1.46429,1.05
3999,3,w,7,8,8,99,1.46429,1.32176
4000,3,w,7,8,9,100,1.46429,1.575
4001,3,w,7,8,10,101,1.46429,1.79246
4002,3,w,7,8,11,102,1.46429,1.95933
4003,3,w,7,8,12,103,1.46429,2.06422
4004,3,w,7,8,13,104,1.46429,2.1
4005,3,w,7,9,1,105,1.47223,0
4006,3,w,7,9,2,106,1.47223,0.0357779
4007,3,w,7,9,3,107,1.47223,0.140673
4008,3,w,7,9,4,108,1.47223,0.307538
4009,3,w,7,9,5,109,1.47223,0.525
4010,3,w,7,9,6,110,1.47223,0.77824
4011,3,w,7,9,7,111,1.47223,1.05
4012,3,w,7,9,8,112,1.47223,1.32176
4013,3,w,7,9,9,113,1.47223,1.575
4014,3,w,7,9,10,114,1.47223,1.79246
4015,3,w,7,9,11,115,1.47223,1.95933
4016,3,w,7,9,12,116,1.47223,2.06422
4017,3,w,7,9,13,117,1.47223,2.1
4018,3,w,7,10,1,118,1.47978,0
4019,3,w,7,10,2,119,1.47978,0.0357779
4020,3,w,7,10,3,120,1.47978,0.140673
4021,3,w,7,10,4,121,1.47978,0.307538
4022,3,w,7,10,5,122,1.47978,0.525
4023,3,w,7,10,6,123,1.47978,0.77824
4024,3,w,7,10,7,124,1.47978,1.05
4025,3,w,7,10,8,125,1.47978,1.32176
4026,3,w,7,10,9,126,1.47978,1.575
4027,3,w,7,10,10,127,1.47978,1.79246
4028,3,w,7,10,11,128,1.47978,1.95933
4029,3,w,7,10,12,129,1.47978,2.06422
4030,3,w,7,10,13,130,1.47978,2.1
4031,3,w,7,11,1,131,1.48655,0
4032,3,w,7,11,2,132,1.48655,0.0357779
4033,3,w,7,11,3,133,1.48655,0.140673
4034,3,w,7,11,4,134,1.48655,0.307538
4035,3,w,7,11,5,135,1.48655,0.525
4036,3,w,7,11,6,136,1.48655,0.77824
4037,3,w,7,11,7,137,1.48655,1.05
4038,3,w,7,11,8,138,1.48655,1.32176
4039,3,w,7,11,9,139,1.48655,1.575
4040,3,w,7,11,10,140,1.48655,1.79246
4041,3,w,7,11,11,141,1.48655,1.95933
4042,3,w,7,11,12,142,1.48655,2.06422
4043,3,w,7,11,13,143,1.48655,2.1
4044,3,w,7,12,1,144,1.49221,0
4045,3,w,7,12,2,145,1.49221,0.0357779
4046,3,w,7,12,3,146,1.49221,0.140673
4047,3,w,7,12,4,147,1.49221,0.307538
4048,3,w,7,12,5,148,1.49221,0.525
4049,3,w,7,12,6,149,1.49221,0.77824
4050,3,w,7,12,7,150,1.49221,1.05
4051,3,w,7,12,8,151,1.49221,1.32176
4052,3,w,7,12,9,152,1.49221,1.575
4053,3,w,7,12,10,153,1.49221,1.79246
4054,3,w,7,12,11,154,1.49221,1.95933
4055,3,w,7,12,12,155,1.49221,2.06422
4056,3,w,7,12,13,156,1.49221,2.1
4057,3,w,7,13,1,157,1.49646,0
4058,3,w,7,13,2,158,1.49646,0.0357779
4059,3,w,7,13,3,159,1.49646,0.140673
4060,3,w,7,13,4,160,1.49646,0.307538
4061,3,w,7,13,5,161,1.49646,0.525
4062,3,w,7,13,6,162,1.49646,0.77824
4063,3,w,7,13,7,163,1.49646,1.05
4064,3,w,7,13,8,164,1.49646,1.32176
4065,3,w,7,13,9,165,1.49646,1.575
4066,3,w,7,13,10,166,1.49646,1.79246
4067,3,w,7,13,11,167,1.49646,1.95933
4068,3,w,7,13,12,168,1.49646,2.06422
4069,3,w,7,13,13,169,1.49646,2.1
4070,3,w,7,14,1,170,1.4991,0
4071,3,w,7,14,2,171,1.4991,0.0357779
4072,3,w,7,14,3,172,1.4991,0.140673
4073,3,w,7,14,4,173,1.4991,0.307538
4074,3,w,7,14,5,174,1.4991,0.525
4075,3,w,7,14,6,175,1.4991,0.77824
4076,3,w,7,14,7,176,1.4991,1.05
4077,3,w,7,14,8,177,1.4991,1.32176
4078,3,w,7,14,9,178,1.4991,1.575
4079,3,w,7,14,10,179,1.4991,1.79246
4080,3,w,7,14,11,180,1.4991,1.95933
4081,3,w,7,14,12,181,1.4991,2.06422
4082,3,w,7,14,13,182,1.4991,2.1
4083,3,w,7,15,1,183,1.5,0
4084,3,w,7,15,2,184,1.5,0.0357779
4085,3,w,7,15,3,185,1.5,0.140673
4086,3,w,7,15,4,186,1.5,0.307538
4087,3,w,7,15,5,187,1.5,0.525
4088,3,w,7,15,6,188,1.5,0.77824
4089,3,w,7,15,7,189,1.5,1.05
4090,3,w,7,15,8,190,1.5,1.32176
4091,3,w,7,15,9,191,1.5,1.575
4092,3,w,7,15,10,192,1.5,1.79246
4093,3,w,7,15,11,193,1.5,1.95933
4094,3,w,7,15,12,194,1.5,2.06422
4095,3,w,7,15,13,195,1.5,2.1
